rim_4657|40|56|8.0
foot_4657|84|108|977.2115278877527
rim_4658|35|48|8.0
foot_4658|84|108|1176.8578108984611
rim_4690|35|48|8.0
foot_4690|84|108|1309.1373120875612
rim_4705|35|48|8.0
foot_4705|84|108|1047.151211568166
rim_4712|30|40|8.0
foot_4712|84|108|1006.5080243515145
rim_4714|30|40|8.0
foot_4714|84|108|1066.9043135459756
rim_4724|40|56|8.0
foot_4724|84|108|851.1604410267074
rim_4725|75|112|8.0
rim_4726|30|40|8.0
rim_4758|30|40|8.0
rim_4770|35|48|8.0
rim_4776|30|40|8.0
rim_4793|45|64|7.999999999999986
foot_4793|84|108|1253.5916116033534
rim_4832|30|40|8.0
foot_4832|84|108|1047.2092307692308
rim_4878|30|40|8.0
rim_4879|30|40|8.0
rim_4919|30|40|8.0
foot_4919|84|108|1206.1251924591363
rim_4948|35|48|8.0
foot_4948|84|108|789.1546870566559
rim_4954|30|40|8.0
foot_4954|84|108|886.9879166666669
rim_5233|30|40|8.0
corner_4859_4950|63|96|110.0
corner_4712_4832|63|96|110.0
corner_4704_4937|63|96|110.0
corner_4704_4817|63|96|110.0
corner_4726_4770|63|96|110.0
corner_4776_4878|63|96|109.99999999999997
corner_4819_4867|63|96|109.99999999999999
corner_4657_4724|63|96|109.99999999999994
corner_4723_4724|63|96|110.0
corner_4656_4879|63|96|110.0
corner_4879_4911|63|96|110.0
corner_4836_4911|63|96|110.0
corner_4690_4909|63|96|110.0
corner_4690_4793|63|96|109.99999999999999
