0|74|0|QLAVA|3558.4|-1843.2|30|47.815|47.815|30
0|74|0|QLAVA|3712.0|-1843.2|30|61.088|61.088|30
0|74|0|QLAVA|3865.6|-1843.2|30|27.767|27.767|30
0|74|0|QLAVA|2944.0|-1689.6|30|18.39|18.39|30
0|74|0|QLAVA|3097.6|-1689.6|30|62.527|62.527|30
0|74|0|QLAVA|3251.2|-1689.6|30|106.664|106.664|30
0|74|0|QLAVA|3404.8|-1689.6|30|80.954|80.954|30
0|74|0|QLAVA|3558.4|-1689.6|30|32.382|32.382|30
0|74|0|QLAVA|3712.0|-1689.6|30|55.88|55.88|30
0|74|0|QLAVA|3865.6|-1689.6|30|93.134|93.134|30
0|74|0|QLAVA|4019.2|-1689.6|30|112|112|30
0|74|0|QLAVA|4172.8|-1689.6|30|111.068|111.068|30
0|74|0|QLAVA|4326.4|-1689.6|30|77.748|77.748|30
0|74|0|QLAVA|4480.0|-1689.6|30|44.427|44.427|30
0|74|0|QLAVA|2483.2|-1536.0|30|33.102|33.102|30
0|74|0|QLAVA|2636.8|-1536.0|30|77.239|77.239|30
0|74|0|QLAVA|2790.4|-1536.0|30|112|112|30
0|74|0|QLAVA|2944.0|-1536.0|30|80.954|80.954|30
0|74|0|QLAVA|3097.6|-1536.0|30|32.382|32.382|30
0|74|0|QLAVA|4172.8|-1536.0|30|18.627|18.627|30
0|74|0|QLAVA|4326.4|-1536.0|30|55.88|55.88|30
0|74|0|QLAVA|4480.0|-1536.0|30|93.134|93.134|30
0|74|0|QLAVA|4633.6|-1536.0|30|60.271|60.271|30
0|74|0|QLAVA|2329.6|-1382.4|30|81.459|81.459|30
0|74|0|QLAVA|2483.2|-1382.4|30|80.954|80.954|30
0|74|0|QLAVA|2636.8|-1382.4|30|32.382|32.382|30
0|74|0|QLAVA|4633.6|-1382.4|30|25.6|25.6|30
0|74|0|QLAVA|4787.2|-1382.4|30|70.604|70.604|30
0|74|0|QLAVA|2176.0|-1228.8|30|81.459|81.459|30
0|74|0|QLAVA|2329.6|-1228.8|30|36.204|36.204|30
0|74|0|QLAVA|4633.6|-1228.8|30|25.6|25.6|30
0|74|0|QLAVA|4787.2|-1228.8|30|67.755|67.755|30
0|74|0|QLAVA|2022.4|-1075.2|30|81.459|81.459|30
0|74|0|QLAVA|2176.0|-1075.2|30|36.204|36.204|30
0|74|0|QLAVA|4633.6|-1075.2|30|25.6|25.6|30
0|74|0|QLAVA|4787.2|-1075.2|30|60.085|60.085|30
0|74|0|QLAVA|1868.8|-921.6|30|49.694|49.694|30
0|74|0|QLAVA|2022.4|-921.6|30|36.204|36.204|30
0|74|0|QLAVA|4633.6|-921.6|30|25.6|25.6|30
0|74|0|QLAVA|4787.2|-921.6|30|52.415|52.415|30
0|74|0|QLAVA|2022.4|-768.0|30|80.141|80.141|30
0|74|0|QLAVA|4633.6|-768.0|30|92.302|92.302|30
0|74|0|QLAVA|4787.2|-768.0|30|35.999|35.999|30
0|74|0|QLAVA|2022.4|-614.4|30|40.659|40.659|30
0|74|0|QLAVA|2176.0|-614.4|30|11.449|11.449|30
0|74|0|QLAVA|4480.0|-614.4|30|49.701|49.701|30
0|74|0|QLAVA|4633.6|-614.4|30|67.999|67.999|30
0|74|0|QLAVA|2176.0|-460.8|30|80.141|80.141|30
0|74|0|QLAVA|4480.0|-460.8|30|99.998|99.998|30
0|74|0|QLAVA|2176.0|-307.2|30|31.624|31.624|30
0|74|0|QLAVA|2329.6|-307.2|30|11.449|11.449|30
0|74|0|QLAVA|4326.4|-307.2|30|92.302|92.302|30
0|74|0|QLAVA|4480.0|-307.2|30|8.571|8.571|30
0|74|0|QLAVA|2329.6|-153.6|30|80.141|80.141|30
0|74|0|QLAVA|4172.8|-153.6|30|49.701|49.701|30
0|74|0|QLAVA|4326.4|-153.6|30|40.571|40.571|30
0|74|0|QLAVA|2329.6|0.0|30|10.084|10.084|30
0|74|0|QLAVA|2483.2|0.0|30|70.59|70.59|30
0|74|0|QLAVA|2636.8|0.0|30|42.784|42.784|30
0|74|0|QLAVA|3712.0|0.0|30|31.045|31.045|30
0|74|0|QLAVA|3865.6|0.0|30|68.298|68.298|30
0|74|0|QLAVA|4019.2|0.0|30|105.552|105.552|30
0|74|0|QLAVA|4172.8|0.0|30|72.57|72.57|30
0|74|0|QLAVA|2790.4|153.6|30|50.422|50.422|30
0|74|0|QLAVA|2944.0|153.6|30|71.307|71.307|30
0|74|0|QLAVA|3097.6|153.6|30|31.045|31.045|30
0|74|0|QLAVA|3251.2|153.6|30|68.298|68.298|30
0|74|0|QLAVA|3404.8|153.6|30|105.552|105.552|30
0|74|0|QLAVA|3558.4|153.6|30|112|112|30
0|74|0|QLAVA|3712.0|153.6|30|78.513|78.513|30
0|74|0|QLAVA|3865.6|153.6|30|35.688|35.688|30
0|74|0|QLAVA|3097.6|307.2|30|30.253|30.253|30
0|74|0|QLAVA|3251.2|307.2|30|59.48|59.48|30
0|74|0|QLAVA|3404.8|307.2|30|16.654|16.654|30
0|74|0|QLAVA|3010.299|-1720.337|30|8.0|8.0|30
1|3000|2|LAVA|4783.808|-1437.655|63.964|97.792|93.011|70.361
1|3000|2|LAVA|4783.808|-1437.655|191.893|97.792|93.011|70.361
1|3000|2|LAVA|4783.808|-1437.655|319.821|97.792|93.011|70.361
1|3000|2|LAVA|4783.808|-1437.655|447.75|97.792|93.011|70.361
1|3000|2|LAVA|4783.808|-1437.655|575.679|97.792|93.011|70.361
1|3000|2|LAVA|4783.808|-1437.655|703.607|97.792|93.011|70.361
1|3000|2|LAVA|4783.808|-1437.655|831.536|97.792|93.011|70.361
1|3000|2|LAVA|4783.808|-1437.655|959.464|97.792|93.011|70.361
1|3000|2|LAVA|4783.808|-1437.655|1087.393|97.792|93.011|70.361
1|3000|2|LAVA|4783.808|-1437.655|1215.321|97.792|93.011|70.361
1|3000|2|LAVA|4783.808|-1437.655|1343.25|97.792|93.011|70.361
1|3000|2|LAVA|4783.808|-1437.655|1471.179|97.792|93.011|70.361
1|3000|2|LAVA|4783.808|-1437.655|1599.107|97.792|93.011|70.361
1|3000|2|LAVA|4783.808|-1437.655|1727.036|97.792|93.011|70.361
1|3000|2|LAVA|4666.474|-1544.322|63.964|97.792|93.011|70.361
1|3000|2|LAVA|4666.474|-1544.322|191.893|97.792|93.011|70.361
1|3000|2|LAVA|4666.474|-1544.322|319.821|97.792|93.011|70.361
1|3000|2|LAVA|4666.474|-1544.322|447.75|97.792|93.011|70.361
1|3000|2|LAVA|4666.474|-1544.322|575.679|97.792|93.011|70.361
1|3000|2|LAVA|4666.474|-1544.322|703.607|97.792|93.011|70.361
1|3000|2|LAVA|4666.474|-1544.322|831.536|97.792|93.011|70.361
1|3000|2|LAVA|4666.474|-1544.322|959.464|97.792|93.011|70.361
1|3000|2|LAVA|4666.474|-1544.322|1087.393|97.792|93.011|70.361
1|3000|2|LAVA|4666.474|-1544.322|1215.321|97.792|93.011|70.361
1|3000|2|LAVA|4666.474|-1544.322|1343.25|97.792|93.011|70.361
1|3000|2|LAVA|4666.474|-1544.322|1471.179|97.792|93.011|70.361
1|3000|2|LAVA|4666.474|-1544.322|1599.107|97.792|93.011|70.361
1|3000|2|LAVA|4666.474|-1544.322|1727.036|97.792|93.011|70.361
1|3000|2|LAVA|4549.141|-1650.989|63.964|97.792|93.011|70.361
1|3000|2|LAVA|4549.141|-1650.989|191.893|97.792|93.011|70.361
1|3000|2|LAVA|4549.141|-1650.989|319.821|97.792|93.011|70.361
1|3000|2|LAVA|4549.141|-1650.989|447.75|97.792|93.011|70.361
1|3000|2|LAVA|4549.141|-1650.989|575.679|97.792|93.011|70.361
1|3000|2|LAVA|4549.141|-1650.989|703.607|97.792|93.011|70.361
1|3000|2|LAVA|4549.141|-1650.989|831.536|97.792|93.011|70.361
1|3000|2|LAVA|4549.141|-1650.989|959.464|97.792|93.011|70.361
1|3000|2|LAVA|4549.141|-1650.989|1087.393|97.792|93.011|70.361
1|3000|2|LAVA|4549.141|-1650.989|1215.321|97.792|93.011|70.361
1|3000|2|LAVA|4549.141|-1650.989|1343.25|97.792|93.011|70.361
1|3000|2|LAVA|4549.141|-1650.989|1471.179|97.792|93.011|70.361
1|3000|2|LAVA|4549.141|-1650.989|1599.107|97.792|93.011|70.361
1|3000|2|LAVA|4549.141|-1650.989|1727.036|97.792|93.011|70.361
1|3002|2|LAVA|3586.084|-1868.016|64.0|101.64|58.384|70.4
1|3002|2|LAVA|3586.084|-1868.016|192.0|101.64|58.384|70.4
1|3002|2|LAVA|3586.084|-1868.016|320.0|101.64|58.384|70.4
1|3002|2|LAVA|3586.084|-1868.016|448.0|101.64|58.384|70.4
1|3002|2|LAVA|3586.084|-1868.016|576.0|101.64|58.384|70.4
1|3002|2|LAVA|3586.084|-1868.016|704.0|101.64|58.384|70.4
1|3002|2|LAVA|3586.084|-1868.016|832.0|101.64|58.384|70.4
1|3002|2|LAVA|3586.084|-1868.016|960.0|101.64|58.384|70.4
1|3002|2|LAVA|3586.084|-1868.016|1088.0|101.64|58.384|70.4
1|3002|2|LAVA|3586.084|-1868.016|1216.0|101.64|58.384|70.4
1|3002|2|LAVA|3586.084|-1868.016|1344.0|101.64|58.384|70.4
1|3002|2|LAVA|3586.084|-1868.016|1472.0|101.64|58.384|70.4
1|3002|2|LAVA|3586.084|-1868.016|1600.0|101.64|58.384|70.4
1|3002|2|LAVA|3586.084|-1868.016|1728.0|101.64|58.384|70.4
1|3002|2|LAVA|3443.862|-1825.35|64.0|101.64|58.384|70.4
1|3002|2|LAVA|3443.862|-1825.35|192.0|101.64|58.384|70.4
1|3002|2|LAVA|3443.862|-1825.35|320.0|101.64|58.384|70.4
1|3002|2|LAVA|3443.862|-1825.35|448.0|101.64|58.384|70.4
1|3002|2|LAVA|3443.862|-1825.35|576.0|101.64|58.384|70.4
1|3002|2|LAVA|3443.862|-1825.35|704.0|101.64|58.384|70.4
1|3002|2|LAVA|3443.862|-1825.35|832.0|101.64|58.384|70.4
1|3002|2|LAVA|3443.862|-1825.35|960.0|101.64|58.384|70.4
1|3002|2|LAVA|3443.862|-1825.35|1088.0|101.64|58.384|70.4
1|3002|2|LAVA|3443.862|-1825.35|1216.0|101.64|58.384|70.4
1|3002|2|LAVA|3443.862|-1825.35|1344.0|101.64|58.384|70.4
1|3002|2|LAVA|3443.862|-1825.35|1472.0|101.64|58.384|70.4
1|3002|2|LAVA|3443.862|-1825.35|1600.0|101.64|58.384|70.4
1|3002|2|LAVA|3443.862|-1825.35|1728.0|101.64|58.384|70.4
1|3002|2|LAVA|3301.64|-1782.683|64.0|101.64|58.384|70.4
1|3002|2|LAVA|3301.64|-1782.683|192.0|101.64|58.384|70.4
1|3002|2|LAVA|3301.64|-1782.683|320.0|101.64|58.384|70.4
1|3002|2|LAVA|3301.64|-1782.683|448.0|101.64|58.384|70.4
1|3002|2|LAVA|3301.64|-1782.683|576.0|101.64|58.384|70.4
1|3002|2|LAVA|3301.64|-1782.683|704.0|101.64|58.384|70.4
1|3002|2|LAVA|3301.64|-1782.683|832.0|101.64|58.384|70.4
1|3002|2|LAVA|3301.64|-1782.683|960.0|101.64|58.384|70.4
1|3002|2|LAVA|3301.64|-1782.683|1088.0|101.64|58.384|70.4
1|3002|2|LAVA|3301.64|-1782.683|1216.0|101.64|58.384|70.4
1|3002|2|LAVA|3301.64|-1782.683|1344.0|101.64|58.384|70.4
1|3002|2|LAVA|3301.64|-1782.683|1472.0|101.64|58.384|70.4
1|3002|2|LAVA|3301.64|-1782.683|1600.0|101.64|58.384|70.4
1|3002|2|LAVA|3301.64|-1782.683|1728.0|101.64|58.384|70.4
1|3002|2|LAVA|3159.417|-1740.016|64.0|101.64|58.384|70.4
1|3002|2|LAVA|3159.417|-1740.016|192.0|101.64|58.384|70.4
1|3002|2|LAVA|3159.417|-1740.016|320.0|101.64|58.384|70.4
1|3002|2|LAVA|3159.417|-1740.016|448.0|101.64|58.384|70.4
1|3002|2|LAVA|3159.417|-1740.016|576.0|101.64|58.384|70.4
1|3002|2|LAVA|3159.417|-1740.016|704.0|101.64|58.384|70.4
1|3002|2|LAVA|3159.417|-1740.016|832.0|101.64|58.384|70.4
1|3002|2|LAVA|3159.417|-1740.016|960.0|101.64|58.384|70.4
1|3002|2|LAVA|3159.417|-1740.016|1088.0|101.64|58.384|70.4
1|3002|2|LAVA|3159.417|-1740.016|1216.0|101.64|58.384|70.4
1|3002|2|LAVA|3159.417|-1740.016|1344.0|101.64|58.384|70.4
1|3002|2|LAVA|3159.417|-1740.016|1472.0|101.64|58.384|70.4
1|3002|2|LAVA|3159.417|-1740.016|1600.0|101.64|58.384|70.4
1|3002|2|LAVA|3159.417|-1740.016|1728.0|101.64|58.384|70.4
1|3002|2|LAVA|3017.195|-1697.35|64.0|101.64|58.384|70.4
1|3002|2|LAVA|3017.195|-1697.35|192.0|101.64|58.384|70.4
1|3002|2|LAVA|3017.195|-1697.35|320.0|101.64|58.384|70.4
1|3002|2|LAVA|3017.195|-1697.35|448.0|101.64|58.384|70.4
1|3002|2|LAVA|3017.195|-1697.35|576.0|101.64|58.384|70.4
1|3002|2|LAVA|3017.195|-1697.35|704.0|101.64|58.384|70.4
1|3002|2|LAVA|3017.195|-1697.35|832.0|101.64|58.384|70.4
1|3002|2|LAVA|3017.195|-1697.35|960.0|101.64|58.384|70.4
1|3002|2|LAVA|3017.195|-1697.35|1088.0|101.64|58.384|70.4
1|3002|2|LAVA|3017.195|-1697.35|1216.0|101.64|58.384|70.4
1|3002|2|LAVA|3017.195|-1697.35|1344.0|101.64|58.384|70.4
1|3002|2|LAVA|3017.195|-1697.35|1472.0|101.64|58.384|70.4
1|3002|2|LAVA|3017.195|-1697.35|1600.0|101.64|58.384|70.4
1|3002|2|LAVA|3017.195|-1697.35|1728.0|101.64|58.384|70.4
1|3002|2|LAVA|2874.973|-1654.683|64.0|101.64|58.384|70.4
1|3002|2|LAVA|2874.973|-1654.683|192.0|101.64|58.384|70.4
1|3002|2|LAVA|2874.973|-1654.683|320.0|101.64|58.384|70.4
1|3002|2|LAVA|2874.973|-1654.683|448.0|101.64|58.384|70.4
1|3002|2|LAVA|2874.973|-1654.683|576.0|101.64|58.384|70.4
1|3002|2|LAVA|2874.973|-1654.683|704.0|101.64|58.384|70.4
1|3002|2|LAVA|2874.973|-1654.683|832.0|101.64|58.384|70.4
1|3002|2|LAVA|2874.973|-1654.683|960.0|101.64|58.384|70.4
1|3002|2|LAVA|2874.973|-1654.683|1088.0|101.64|58.384|70.4
1|3002|2|LAVA|2874.973|-1654.683|1216.0|101.64|58.384|70.4
1|3002|2|LAVA|2874.973|-1654.683|1344.0|101.64|58.384|70.4
1|3002|2|LAVA|2874.973|-1654.683|1472.0|101.64|58.384|70.4
1|3002|2|LAVA|2874.973|-1654.683|1600.0|101.64|58.384|70.4
1|3002|2|LAVA|2874.973|-1654.683|1728.0|101.64|58.384|70.4
1|3002|2|LAVA|2732.751|-1612.016|64.0|101.64|58.384|70.4
1|3002|2|LAVA|2732.751|-1612.016|192.0|101.64|58.384|70.4
1|3002|2|LAVA|2732.751|-1612.016|320.0|101.64|58.384|70.4
1|3002|2|LAVA|2732.751|-1612.016|448.0|101.64|58.384|70.4
1|3002|2|LAVA|2732.751|-1612.016|576.0|101.64|58.384|70.4
1|3002|2|LAVA|2732.751|-1612.016|704.0|101.64|58.384|70.4
1|3002|2|LAVA|2732.751|-1612.016|832.0|101.64|58.384|70.4
1|3002|2|LAVA|2732.751|-1612.016|960.0|101.64|58.384|70.4
1|3002|2|LAVA|2732.751|-1612.016|1088.0|101.64|58.384|70.4
1|3002|2|LAVA|2732.751|-1612.016|1216.0|101.64|58.384|70.4
1|3002|2|LAVA|2732.751|-1612.016|1344.0|101.64|58.384|70.4
1|3002|2|LAVA|2732.751|-1612.016|1472.0|101.64|58.384|70.4
1|3002|2|LAVA|2732.751|-1612.016|1600.0|101.64|58.384|70.4
1|3002|2|LAVA|2732.751|-1612.016|1728.0|101.64|58.384|70.4
1|3002|2|LAVA|2590.528|-1569.35|64.0|101.64|58.384|70.4
1|3002|2|LAVA|2590.528|-1569.35|192.0|101.64|58.384|70.4
1|3002|2|LAVA|2590.528|-1569.35|320.0|101.64|58.384|70.4
1|3002|2|LAVA|2590.528|-1569.35|448.0|101.64|58.384|70.4
1|3002|2|LAVA|2590.528|-1569.35|576.0|101.64|58.384|70.4
1|3002|2|LAVA|2590.528|-1569.35|704.0|101.64|58.384|70.4
1|3002|2|LAVA|2590.528|-1569.35|832.0|101.64|58.384|70.4
1|3002|2|LAVA|2590.528|-1569.35|960.0|101.64|58.384|70.4
1|3002|2|LAVA|2590.528|-1569.35|1088.0|101.64|58.384|70.4
1|3002|2|LAVA|2590.528|-1569.35|1216.0|101.64|58.384|70.4
1|3002|2|LAVA|2590.528|-1569.35|1344.0|101.64|58.384|70.4
1|3002|2|LAVA|2590.528|-1569.35|1472.0|101.64|58.384|70.4
1|3002|2|LAVA|2590.528|-1569.35|1600.0|101.64|58.384|70.4
1|3002|2|LAVA|2590.528|-1569.35|1728.0|101.64|58.384|70.4
1|3002|2|LAVA|2448.306|-1526.683|64.0|101.64|58.384|70.4
1|3002|2|LAVA|2448.306|-1526.683|192.0|101.64|58.384|70.4
1|3002|2|LAVA|2448.306|-1526.683|320.0|101.64|58.384|70.4
1|3002|2|LAVA|2448.306|-1526.683|448.0|101.64|58.384|70.4
1|3002|2|LAVA|2448.306|-1526.683|576.0|101.64|58.384|70.4
1|3002|2|LAVA|2448.306|-1526.683|704.0|101.64|58.384|70.4
1|3002|2|LAVA|2448.306|-1526.683|832.0|101.64|58.384|70.4
1|3002|2|LAVA|2448.306|-1526.683|960.0|101.64|58.384|70.4
1|3002|2|LAVA|2448.306|-1526.683|1088.0|101.64|58.384|70.4
1|3002|2|LAVA|2448.306|-1526.683|1216.0|101.64|58.384|70.4
1|3002|2|LAVA|2448.306|-1526.683|1344.0|101.64|58.384|70.4
1|3002|2|LAVA|2448.306|-1526.683|1472.0|101.64|58.384|70.4
1|3002|2|LAVA|2448.306|-1526.683|1600.0|101.64|58.384|70.4
1|3002|2|LAVA|2448.306|-1526.683|1728.0|101.64|58.384|70.4
1|3004|2|LAVA|2380.605|-1.984|63.964|95.805|65.07|70.361
1|3004|2|LAVA|2380.605|-1.984|191.893|95.805|65.07|70.361
1|3004|2|LAVA|2380.605|-1.984|319.821|95.805|65.07|70.361
1|3004|2|LAVA|2380.605|-1.984|447.75|95.805|65.07|70.361
1|3004|2|LAVA|2380.605|-1.984|575.679|95.805|65.07|70.361
1|3004|2|LAVA|2380.605|-1.984|703.607|95.805|65.07|70.361
1|3004|2|LAVA|2380.605|-1.984|831.536|95.805|65.07|70.361
1|3004|2|LAVA|2380.605|-1.984|959.464|95.805|65.07|70.361
1|3004|2|LAVA|2380.605|-1.984|1087.393|95.805|65.07|70.361
1|3004|2|LAVA|2380.605|-1.984|1215.321|95.805|65.07|70.361
1|3004|2|LAVA|2380.605|-1.984|1343.25|95.805|65.07|70.361
1|3004|2|LAVA|2380.605|-1.984|1471.179|95.805|65.07|70.361
1|3004|2|LAVA|2380.605|-1.984|1599.107|95.805|65.07|70.361
1|3004|2|LAVA|2380.605|-1.984|1727.036|95.805|65.07|70.361
1|3004|2|LAVA|2508.605|52.873|63.964|95.805|65.07|70.361
1|3004|2|LAVA|2508.605|52.873|191.893|95.805|65.07|70.361
1|3004|2|LAVA|2508.605|52.873|319.821|95.805|65.07|70.361
1|3004|2|LAVA|2508.605|52.873|447.75|95.805|65.07|70.361
1|3004|2|LAVA|2508.605|52.873|575.679|95.805|65.07|70.361
1|3004|2|LAVA|2508.605|52.873|703.607|95.805|65.07|70.361
1|3004|2|LAVA|2508.605|52.873|831.536|95.805|65.07|70.361
1|3004|2|LAVA|2508.605|52.873|959.464|95.805|65.07|70.361
1|3004|2|LAVA|2508.605|52.873|1087.393|95.805|65.07|70.361
1|3004|2|LAVA|2508.605|52.873|1215.321|95.805|65.07|70.361
1|3004|2|LAVA|2508.605|52.873|1343.25|95.805|65.07|70.361
1|3004|2|LAVA|2508.605|52.873|1471.179|95.805|65.07|70.361
1|3004|2|LAVA|2508.605|52.873|1599.107|95.805|65.07|70.361
1|3004|2|LAVA|2508.605|52.873|1727.036|95.805|65.07|70.361
1|3004|2|LAVA|2636.605|107.73|63.964|95.805|65.07|70.361
1|3004|2|LAVA|2636.605|107.73|191.893|95.805|65.07|70.361
1|3004|2|LAVA|2636.605|107.73|319.821|95.805|65.07|70.361
1|3004|2|LAVA|2636.605|107.73|447.75|95.805|65.07|70.361
1|3004|2|LAVA|2636.605|107.73|575.679|95.805|65.07|70.361
1|3004|2|LAVA|2636.605|107.73|703.607|95.805|65.07|70.361
1|3004|2|LAVA|2636.605|107.73|831.536|95.805|65.07|70.361
1|3004|2|LAVA|2636.605|107.73|959.464|95.805|65.07|70.361
1|3004|2|LAVA|2636.605|107.73|1087.393|95.805|65.07|70.361
1|3004|2|LAVA|2636.605|107.73|1215.321|95.805|65.07|70.361
1|3004|2|LAVA|2636.605|107.73|1343.25|95.805|65.07|70.361
1|3004|2|LAVA|2636.605|107.73|1471.179|95.805|65.07|70.361
1|3004|2|LAVA|2636.605|107.73|1599.107|95.805|65.07|70.361
1|3004|2|LAVA|2636.605|107.73|1727.036|95.805|65.07|70.361
1|3004|2|LAVA|2764.605|162.587|63.964|95.805|65.07|70.361
1|3004|2|LAVA|2764.605|162.587|191.893|95.805|65.07|70.361
1|3004|2|LAVA|2764.605|162.587|319.821|95.805|65.07|70.361
1|3004|2|LAVA|2764.605|162.587|447.75|95.805|65.07|70.361
1|3004|2|LAVA|2764.605|162.587|575.679|95.805|65.07|70.361
1|3004|2|LAVA|2764.605|162.587|703.607|95.805|65.07|70.361
1|3004|2|LAVA|2764.605|162.587|831.536|95.805|65.07|70.361
1|3004|2|LAVA|2764.605|162.587|959.464|95.805|65.07|70.361
1|3004|2|LAVA|2764.605|162.587|1087.393|95.805|65.07|70.361
1|3004|2|LAVA|2764.605|162.587|1215.321|95.805|65.07|70.361
1|3004|2|LAVA|2764.605|162.587|1343.25|95.805|65.07|70.361
1|3004|2|LAVA|2764.605|162.587|1471.179|95.805|65.07|70.361
1|3004|2|LAVA|2764.605|162.587|1599.107|95.805|65.07|70.361
1|3004|2|LAVA|2764.605|162.587|1727.036|95.805|65.07|70.361
1|3004|2|LAVA|2892.605|217.445|63.964|95.805|65.07|70.361
1|3004|2|LAVA|2892.605|217.445|191.893|95.805|65.07|70.361
1|3004|2|LAVA|2892.605|217.445|319.821|95.805|65.07|70.361
1|3004|2|LAVA|2892.605|217.445|447.75|95.805|65.07|70.361
1|3004|2|LAVA|2892.605|217.445|575.679|95.805|65.07|70.361
1|3004|2|LAVA|2892.605|217.445|703.607|95.805|65.07|70.361
1|3004|2|LAVA|2892.605|217.445|831.536|95.805|65.07|70.361
1|3004|2|LAVA|2892.605|217.445|959.464|95.805|65.07|70.361
1|3004|2|LAVA|2892.605|217.445|1087.393|95.805|65.07|70.361
1|3004|2|LAVA|2892.605|217.445|1215.321|95.805|65.07|70.361
1|3004|2|LAVA|2892.605|217.445|1343.25|95.805|65.07|70.361
1|3004|2|LAVA|2892.605|217.445|1471.179|95.805|65.07|70.361
1|3004|2|LAVA|2892.605|217.445|1599.107|95.805|65.07|70.361
1|3004|2|LAVA|2892.605|217.445|1727.036|95.805|65.07|70.361
1|3004|2|LAVA|3020.605|272.302|63.964|95.805|65.07|70.361
1|3004|2|LAVA|3020.605|272.302|191.893|95.805|65.07|70.361
1|3004|2|LAVA|3020.605|272.302|319.821|95.805|65.07|70.361
1|3004|2|LAVA|3020.605|272.302|447.75|95.805|65.07|70.361
1|3004|2|LAVA|3020.605|272.302|575.679|95.805|65.07|70.361
1|3004|2|LAVA|3020.605|272.302|703.607|95.805|65.07|70.361
1|3004|2|LAVA|3020.605|272.302|831.536|95.805|65.07|70.361
1|3004|2|LAVA|3020.605|272.302|959.464|95.805|65.07|70.361
1|3004|2|LAVA|3020.605|272.302|1087.393|95.805|65.07|70.361
1|3004|2|LAVA|3020.605|272.302|1215.321|95.805|65.07|70.361
1|3004|2|LAVA|3020.605|272.302|1343.25|95.805|65.07|70.361
1|3004|2|LAVA|3020.605|272.302|1471.179|95.805|65.07|70.361
1|3004|2|LAVA|3020.605|272.302|1599.107|95.805|65.07|70.361
1|3004|2|LAVA|3020.605|272.302|1727.036|95.805|65.07|70.361
1|3004|2|LAVA|3148.605|327.159|63.964|95.805|65.07|70.361
1|3004|2|LAVA|3148.605|327.159|191.893|95.805|65.07|70.361
1|3004|2|LAVA|3148.605|327.159|319.821|95.805|65.07|70.361
1|3004|2|LAVA|3148.605|327.159|447.75|95.805|65.07|70.361
1|3004|2|LAVA|3148.605|327.159|575.679|95.805|65.07|70.361
1|3004|2|LAVA|3148.605|327.159|703.607|95.805|65.07|70.361
1|3004|2|LAVA|3148.605|327.159|831.536|95.805|65.07|70.361
1|3004|2|LAVA|3148.605|327.159|959.464|95.805|65.07|70.361
1|3004|2|LAVA|3148.605|327.159|1087.393|95.805|65.07|70.361
1|3004|2|LAVA|3148.605|327.159|1215.321|95.805|65.07|70.361
1|3004|2|LAVA|3148.605|327.159|1343.25|95.805|65.07|70.361
1|3004|2|LAVA|3148.605|327.159|1471.179|95.805|65.07|70.361
1|3004|2|LAVA|3148.605|327.159|1599.107|95.805|65.07|70.361
1|3004|2|LAVA|3148.605|327.159|1727.036|95.805|65.07|70.361
1|3020|2|LAVA|1856.807|-906.487|64.0|75.778|104.202|70.4
1|3020|2|LAVA|1856.807|-906.487|192.0|75.778|104.202|70.4
1|3020|2|LAVA|1856.807|-906.487|320.0|75.778|104.202|70.4
1|3020|2|LAVA|1856.807|-906.487|448.0|75.778|104.202|70.4
1|3020|2|LAVA|1856.807|-906.487|576.0|75.778|104.202|70.4
1|3020|2|LAVA|1856.807|-906.487|704.0|75.778|104.202|70.4
1|3020|2|LAVA|1856.807|-906.487|832.0|75.778|104.202|70.4
1|3020|2|LAVA|1856.807|-906.487|960.0|75.778|104.202|70.4
1|3020|2|LAVA|1856.807|-906.487|1088.0|75.778|104.202|70.4
1|3020|2|LAVA|1856.807|-906.487|1216.0|75.778|104.202|70.4
1|3020|2|LAVA|1856.807|-906.487|1344.0|75.778|104.202|70.4
1|3020|2|LAVA|1856.807|-906.487|1472.0|75.778|104.202|70.4
1|3020|2|LAVA|1856.807|-906.487|1600.0|75.778|104.202|70.4
1|3020|2|LAVA|1856.807|-906.487|1728.0|75.778|104.202|70.4
1|3020|2|LAVA|1929.95|-769.345|64.0|75.778|104.202|70.4
1|3020|2|LAVA|1929.95|-769.345|192.0|75.778|104.202|70.4
1|3020|2|LAVA|1929.95|-769.345|320.0|75.778|104.202|70.4
1|3020|2|LAVA|1929.95|-769.345|448.0|75.778|104.202|70.4
1|3020|2|LAVA|1929.95|-769.345|576.0|75.778|104.202|70.4
1|3020|2|LAVA|1929.95|-769.345|704.0|75.778|104.202|70.4
1|3020|2|LAVA|1929.95|-769.345|832.0|75.778|104.202|70.4
1|3020|2|LAVA|1929.95|-769.345|960.0|75.778|104.202|70.4
1|3020|2|LAVA|1929.95|-769.345|1088.0|75.778|104.202|70.4
1|3020|2|LAVA|1929.95|-769.345|1216.0|75.778|104.202|70.4
1|3020|2|LAVA|1929.95|-769.345|1344.0|75.778|104.202|70.4
1|3020|2|LAVA|1929.95|-769.345|1472.0|75.778|104.202|70.4
1|3020|2|LAVA|1929.95|-769.345|1600.0|75.778|104.202|70.4
1|3020|2|LAVA|1929.95|-769.345|1728.0|75.778|104.202|70.4
1|3020|2|LAVA|2003.092|-632.202|64.0|75.778|104.202|70.4
1|3020|2|LAVA|2003.092|-632.202|192.0|75.778|104.202|70.4
1|3020|2|LAVA|2003.092|-632.202|320.0|75.778|104.202|70.4
1|3020|2|LAVA|2003.092|-632.202|448.0|75.778|104.202|70.4
1|3020|2|LAVA|2003.092|-632.202|576.0|75.778|104.202|70.4
1|3020|2|LAVA|2003.092|-632.202|704.0|75.778|104.202|70.4
1|3020|2|LAVA|2003.092|-632.202|832.0|75.778|104.202|70.4
1|3020|2|LAVA|2003.092|-632.202|960.0|75.778|104.202|70.4
1|3020|2|LAVA|2003.092|-632.202|1088.0|75.778|104.202|70.4
1|3020|2|LAVA|2003.092|-632.202|1216.0|75.778|104.202|70.4
1|3020|2|LAVA|2003.092|-632.202|1344.0|75.778|104.202|70.4
1|3020|2|LAVA|2003.092|-632.202|1472.0|75.778|104.202|70.4
1|3020|2|LAVA|2003.092|-632.202|1600.0|75.778|104.202|70.4
1|3020|2|LAVA|2003.092|-632.202|1728.0|75.778|104.202|70.4
1|3020|2|LAVA|2076.235|-495.059|64.0|75.778|104.202|70.4
1|3020|2|LAVA|2076.235|-495.059|192.0|75.778|104.202|70.4
1|3020|2|LAVA|2076.235|-495.059|320.0|75.778|104.202|70.4
1|3020|2|LAVA|2076.235|-495.059|448.0|75.778|104.202|70.4
1|3020|2|LAVA|2076.235|-495.059|576.0|75.778|104.202|70.4
1|3020|2|LAVA|2076.235|-495.059|704.0|75.778|104.202|70.4
1|3020|2|LAVA|2076.235|-495.059|832.0|75.778|104.202|70.4
1|3020|2|LAVA|2076.235|-495.059|960.0|75.778|104.202|70.4
1|3020|2|LAVA|2076.235|-495.059|1088.0|75.778|104.202|70.4
1|3020|2|LAVA|2076.235|-495.059|1216.0|75.778|104.202|70.4
1|3020|2|LAVA|2076.235|-495.059|1344.0|75.778|104.202|70.4
1|3020|2|LAVA|2076.235|-495.059|1472.0|75.778|104.202|70.4
1|3020|2|LAVA|2076.235|-495.059|1600.0|75.778|104.202|70.4
1|3020|2|LAVA|2076.235|-495.059|1728.0|75.778|104.202|70.4
1|3020|2|LAVA|2149.378|-357.916|64.0|75.778|104.202|70.4
1|3020|2|LAVA|2149.378|-357.916|192.0|75.778|104.202|70.4
1|3020|2|LAVA|2149.378|-357.916|320.0|75.778|104.202|70.4
1|3020|2|LAVA|2149.378|-357.916|448.0|75.778|104.202|70.4
1|3020|2|LAVA|2149.378|-357.916|576.0|75.778|104.202|70.4
1|3020|2|LAVA|2149.378|-357.916|704.0|75.778|104.202|70.4
1|3020|2|LAVA|2149.378|-357.916|832.0|75.778|104.202|70.4
1|3020|2|LAVA|2149.378|-357.916|960.0|75.778|104.202|70.4
1|3020|2|LAVA|2149.378|-357.916|1088.0|75.778|104.202|70.4
1|3020|2|LAVA|2149.378|-357.916|1216.0|75.778|104.202|70.4
1|3020|2|LAVA|2149.378|-357.916|1344.0|75.778|104.202|70.4
1|3020|2|LAVA|2149.378|-357.916|1472.0|75.778|104.202|70.4
1|3020|2|LAVA|2149.378|-357.916|1600.0|75.778|104.202|70.4
1|3020|2|LAVA|2149.378|-357.916|1728.0|75.778|104.202|70.4
1|3020|2|LAVA|2222.521|-220.773|64.0|75.778|104.202|70.4
1|3020|2|LAVA|2222.521|-220.773|192.0|75.778|104.202|70.4
1|3020|2|LAVA|2222.521|-220.773|320.0|75.778|104.202|70.4
1|3020|2|LAVA|2222.521|-220.773|448.0|75.778|104.202|70.4
1|3020|2|LAVA|2222.521|-220.773|576.0|75.778|104.202|70.4
1|3020|2|LAVA|2222.521|-220.773|704.0|75.778|104.202|70.4
1|3020|2|LAVA|2222.521|-220.773|832.0|75.778|104.202|70.4
1|3020|2|LAVA|2222.521|-220.773|960.0|75.778|104.202|70.4
1|3020|2|LAVA|2222.521|-220.773|1088.0|75.778|104.202|70.4
1|3020|2|LAVA|2222.521|-220.773|1216.0|75.778|104.202|70.4
1|3020|2|LAVA|2222.521|-220.773|1344.0|75.778|104.202|70.4
1|3020|2|LAVA|2222.521|-220.773|1472.0|75.778|104.202|70.4
1|3020|2|LAVA|2222.521|-220.773|1600.0|75.778|104.202|70.4
1|3020|2|LAVA|2222.521|-220.773|1728.0|75.778|104.202|70.4
1|3020|2|LAVA|2295.664|-83.63|64.0|75.778|104.202|70.4
1|3020|2|LAVA|2295.664|-83.63|192.0|75.778|104.202|70.4
1|3020|2|LAVA|2295.664|-83.63|320.0|75.778|104.202|70.4
1|3020|2|LAVA|2295.664|-83.63|448.0|75.778|104.202|70.4
1|3020|2|LAVA|2295.664|-83.63|576.0|75.778|104.202|70.4
1|3020|2|LAVA|2295.664|-83.63|704.0|75.778|104.202|70.4
1|3020|2|LAVA|2295.664|-83.63|832.0|75.778|104.202|70.4
1|3020|2|LAVA|2295.664|-83.63|960.0|75.778|104.202|70.4
1|3020|2|LAVA|2295.664|-83.63|1088.0|75.778|104.202|70.4
1|3020|2|LAVA|2295.664|-83.63|1216.0|75.778|104.202|70.4
1|3020|2|LAVA|2295.664|-83.63|1344.0|75.778|104.202|70.4
1|3020|2|LAVA|2295.664|-83.63|1472.0|75.778|104.202|70.4
1|3020|2|LAVA|2295.664|-83.63|1600.0|75.778|104.202|70.4
1|3020|2|LAVA|2295.664|-83.63|1728.0|75.778|104.202|70.4
1|3022|2|LAVA|2342.627|-1465.373|64.0|85.027|85.027|70.4
1|3022|2|LAVA|2342.627|-1465.373|192.0|85.027|85.027|70.4
1|3022|2|LAVA|2342.627|-1465.373|320.0|85.027|85.027|70.4
1|3022|2|LAVA|2342.627|-1465.373|448.0|85.027|85.027|70.4
1|3022|2|LAVA|2342.627|-1465.373|576.0|85.027|85.027|70.4
1|3022|2|LAVA|2342.627|-1465.373|704.0|85.027|85.027|70.4
1|3022|2|LAVA|2342.627|-1465.373|832.0|85.027|85.027|70.4
1|3022|2|LAVA|2342.627|-1465.373|960.0|85.027|85.027|70.4
1|3022|2|LAVA|2342.627|-1465.373|1088.0|85.027|85.027|70.4
1|3022|2|LAVA|2342.627|-1465.373|1216.0|85.027|85.027|70.4
1|3022|2|LAVA|2342.627|-1465.373|1344.0|85.027|85.027|70.4
1|3022|2|LAVA|2342.627|-1465.373|1472.0|85.027|85.027|70.4
1|3022|2|LAVA|2342.627|-1465.373|1600.0|85.027|85.027|70.4
1|3022|2|LAVA|2342.627|-1465.373|1728.0|85.027|85.027|70.4
1|3022|2|LAVA|2246.627|-1369.373|64.0|85.027|85.027|70.4
1|3022|2|LAVA|2246.627|-1369.373|192.0|85.027|85.027|70.4
1|3022|2|LAVA|2246.627|-1369.373|320.0|85.027|85.027|70.4
1|3022|2|LAVA|2246.627|-1369.373|448.0|85.027|85.027|70.4
1|3022|2|LAVA|2246.627|-1369.373|576.0|85.027|85.027|70.4
1|3022|2|LAVA|2246.627|-1369.373|704.0|85.027|85.027|70.4
1|3022|2|LAVA|2246.627|-1369.373|832.0|85.027|85.027|70.4
1|3022|2|LAVA|2246.627|-1369.373|960.0|85.027|85.027|70.4
1|3022|2|LAVA|2246.627|-1369.373|1088.0|85.027|85.027|70.4
1|3022|2|LAVA|2246.627|-1369.373|1216.0|85.027|85.027|70.4
1|3022|2|LAVA|2246.627|-1369.373|1344.0|85.027|85.027|70.4
1|3022|2|LAVA|2246.627|-1369.373|1472.0|85.027|85.027|70.4
1|3022|2|LAVA|2246.627|-1369.373|1600.0|85.027|85.027|70.4
1|3022|2|LAVA|2246.627|-1369.373|1728.0|85.027|85.027|70.4
1|3022|2|LAVA|2150.627|-1273.373|64.0|85.027|85.027|70.4
1|3022|2|LAVA|2150.627|-1273.373|192.0|85.027|85.027|70.4
1|3022|2|LAVA|2150.627|-1273.373|320.0|85.027|85.027|70.4
1|3022|2|LAVA|2150.627|-1273.373|448.0|85.027|85.027|70.4
1|3022|2|LAVA|2150.627|-1273.373|576.0|85.027|85.027|70.4
1|3022|2|LAVA|2150.627|-1273.373|704.0|85.027|85.027|70.4
1|3022|2|LAVA|2150.627|-1273.373|832.0|85.027|85.027|70.4
1|3022|2|LAVA|2150.627|-1273.373|960.0|85.027|85.027|70.4
1|3022|2|LAVA|2150.627|-1273.373|1088.0|85.027|85.027|70.4
1|3022|2|LAVA|2150.627|-1273.373|1216.0|85.027|85.027|70.4
1|3022|2|LAVA|2150.627|-1273.373|1344.0|85.027|85.027|70.4
1|3022|2|LAVA|2150.627|-1273.373|1472.0|85.027|85.027|70.4
1|3022|2|LAVA|2150.627|-1273.373|1600.0|85.027|85.027|70.4
1|3022|2|LAVA|2150.627|-1273.373|1728.0|85.027|85.027|70.4
1|3022|2|LAVA|2054.627|-1177.373|64.0|85.027|85.027|70.4
1|3022|2|LAVA|2054.627|-1177.373|192.0|85.027|85.027|70.4
1|3022|2|LAVA|2054.627|-1177.373|320.0|85.027|85.027|70.4
1|3022|2|LAVA|2054.627|-1177.373|448.0|85.027|85.027|70.4
1|3022|2|LAVA|2054.627|-1177.373|576.0|85.027|85.027|70.4
1|3022|2|LAVA|2054.627|-1177.373|704.0|85.027|85.027|70.4
1|3022|2|LAVA|2054.627|-1177.373|832.0|85.027|85.027|70.4
1|3022|2|LAVA|2054.627|-1177.373|960.0|85.027|85.027|70.4
1|3022|2|LAVA|2054.627|-1177.373|1088.0|85.027|85.027|70.4
1|3022|2|LAVA|2054.627|-1177.373|1216.0|85.027|85.027|70.4
1|3022|2|LAVA|2054.627|-1177.373|1344.0|85.027|85.027|70.4
1|3022|2|LAVA|2054.627|-1177.373|1472.0|85.027|85.027|70.4
1|3022|2|LAVA|2054.627|-1177.373|1600.0|85.027|85.027|70.4
1|3022|2|LAVA|2054.627|-1177.373|1728.0|85.027|85.027|70.4
1|3022|2|LAVA|1958.627|-1081.373|64.0|85.027|85.027|70.4
1|3022|2|LAVA|1958.627|-1081.373|192.0|85.027|85.027|70.4
1|3022|2|LAVA|1958.627|-1081.373|320.0|85.027|85.027|70.4
1|3022|2|LAVA|1958.627|-1081.373|448.0|85.027|85.027|70.4
1|3022|2|LAVA|1958.627|-1081.373|576.0|85.027|85.027|70.4
1|3022|2|LAVA|1958.627|-1081.373|704.0|85.027|85.027|70.4
1|3022|2|LAVA|1958.627|-1081.373|832.0|85.027|85.027|70.4
1|3022|2|LAVA|1958.627|-1081.373|960.0|85.027|85.027|70.4
1|3022|2|LAVA|1958.627|-1081.373|1088.0|85.027|85.027|70.4
1|3022|2|LAVA|1958.627|-1081.373|1216.0|85.027|85.027|70.4
1|3022|2|LAVA|1958.627|-1081.373|1344.0|85.027|85.027|70.4
1|3022|2|LAVA|1958.627|-1081.373|1472.0|85.027|85.027|70.4
1|3022|2|LAVA|1958.627|-1081.373|1600.0|85.027|85.027|70.4
1|3022|2|LAVA|1958.627|-1081.373|1728.0|85.027|85.027|70.4
1|3022|2|LAVA|1862.627|-985.373|64.0|85.027|85.027|70.4
1|3022|2|LAVA|1862.627|-985.373|192.0|85.027|85.027|70.4
1|3022|2|LAVA|1862.627|-985.373|320.0|85.027|85.027|70.4
1|3022|2|LAVA|1862.627|-985.373|448.0|85.027|85.027|70.4
1|3022|2|LAVA|1862.627|-985.373|576.0|85.027|85.027|70.4
1|3022|2|LAVA|1862.627|-985.373|704.0|85.027|85.027|70.4
1|3022|2|LAVA|1862.627|-985.373|832.0|85.027|85.027|70.4
1|3022|2|LAVA|1862.627|-985.373|960.0|85.027|85.027|70.4
1|3022|2|LAVA|1862.627|-985.373|1088.0|85.027|85.027|70.4
1|3022|2|LAVA|1862.627|-985.373|1216.0|85.027|85.027|70.4
1|3022|2|LAVA|1862.627|-985.373|1344.0|85.027|85.027|70.4
1|3022|2|LAVA|1862.627|-985.373|1472.0|85.027|85.027|70.4
1|3022|2|LAVA|1862.627|-985.373|1600.0|85.027|85.027|70.4
1|3022|2|LAVA|1862.627|-985.373|1728.0|85.027|85.027|70.4
1|3037|2|LAVA|4433.058|-1712.762|64.0|100.542|52.038|70.4
1|3037|2|LAVA|4433.058|-1712.762|192.0|100.542|52.038|70.4
1|3037|2|LAVA|4433.058|-1712.762|320.0|100.542|52.038|70.4
1|3037|2|LAVA|4433.058|-1712.762|448.0|100.542|52.038|70.4
1|3037|2|LAVA|4433.058|-1712.762|576.0|100.542|52.038|70.4
1|3037|2|LAVA|4433.058|-1712.762|704.0|100.542|52.038|70.4
1|3037|2|LAVA|4433.058|-1712.762|832.0|100.542|52.038|70.4
1|3037|2|LAVA|4433.058|-1712.762|960.0|100.542|52.038|70.4
1|3037|2|LAVA|4433.058|-1712.762|1088.0|100.542|52.038|70.4
1|3037|2|LAVA|4433.058|-1712.762|1216.0|100.542|52.038|70.4
1|3037|2|LAVA|4433.058|-1712.762|1344.0|100.542|52.038|70.4
1|3037|2|LAVA|4433.058|-1712.762|1472.0|100.542|52.038|70.4
1|3037|2|LAVA|4433.058|-1712.762|1600.0|100.542|52.038|70.4
1|3037|2|LAVA|4433.058|-1712.762|1728.0|100.542|52.038|70.4
1|3037|2|LAVA|4289.058|-1744.762|64.0|100.542|52.038|70.4
1|3037|2|LAVA|4289.058|-1744.762|192.0|100.542|52.038|70.4
1|3037|2|LAVA|4289.058|-1744.762|320.0|100.542|52.038|70.4
1|3037|2|LAVA|4289.058|-1744.762|448.0|100.542|52.038|70.4
1|3037|2|LAVA|4289.058|-1744.762|576.0|100.542|52.038|70.4
1|3037|2|LAVA|4289.058|-1744.762|704.0|100.542|52.038|70.4
1|3037|2|LAVA|4289.058|-1744.762|832.0|100.542|52.038|70.4
1|3037|2|LAVA|4289.058|-1744.762|960.0|100.542|52.038|70.4
1|3037|2|LAVA|4289.058|-1744.762|1088.0|100.542|52.038|70.4
1|3037|2|LAVA|4289.058|-1744.762|1216.0|100.542|52.038|70.4
1|3037|2|LAVA|4289.058|-1744.762|1344.0|100.542|52.038|70.4
1|3037|2|LAVA|4289.058|-1744.762|1472.0|100.542|52.038|70.4
1|3037|2|LAVA|4289.058|-1744.762|1600.0|100.542|52.038|70.4
1|3037|2|LAVA|4289.058|-1744.762|1728.0|100.542|52.038|70.4
1|3037|2|LAVA|4145.058|-1776.762|64.0|100.542|52.038|70.4
1|3037|2|LAVA|4145.058|-1776.762|192.0|100.542|52.038|70.4
1|3037|2|LAVA|4145.058|-1776.762|320.0|100.542|52.038|70.4
1|3037|2|LAVA|4145.058|-1776.762|448.0|100.542|52.038|70.4
1|3037|2|LAVA|4145.058|-1776.762|576.0|100.542|52.038|70.4
1|3037|2|LAVA|4145.058|-1776.762|704.0|100.542|52.038|70.4
1|3037|2|LAVA|4145.058|-1776.762|832.0|100.542|52.038|70.4
1|3037|2|LAVA|4145.058|-1776.762|960.0|100.542|52.038|70.4
1|3037|2|LAVA|4145.058|-1776.762|1088.0|100.542|52.038|70.4
1|3037|2|LAVA|4145.058|-1776.762|1216.0|100.542|52.038|70.4
1|3037|2|LAVA|4145.058|-1776.762|1344.0|100.542|52.038|70.4
1|3037|2|LAVA|4145.058|-1776.762|1472.0|100.542|52.038|70.4
1|3037|2|LAVA|4145.058|-1776.762|1600.0|100.542|52.038|70.4
1|3037|2|LAVA|4145.058|-1776.762|1728.0|100.542|52.038|70.4
1|3037|2|LAVA|4001.058|-1808.762|64.0|100.542|52.038|70.4
1|3037|2|LAVA|4001.058|-1808.762|192.0|100.542|52.038|70.4
1|3037|2|LAVA|4001.058|-1808.762|320.0|100.542|52.038|70.4
1|3037|2|LAVA|4001.058|-1808.762|448.0|100.542|52.038|70.4
1|3037|2|LAVA|4001.058|-1808.762|576.0|100.542|52.038|70.4
1|3037|2|LAVA|4001.058|-1808.762|704.0|100.542|52.038|70.4
1|3037|2|LAVA|4001.058|-1808.762|832.0|100.542|52.038|70.4
1|3037|2|LAVA|4001.058|-1808.762|960.0|100.542|52.038|70.4
1|3037|2|LAVA|4001.058|-1808.762|1088.0|100.542|52.038|70.4
1|3037|2|LAVA|4001.058|-1808.762|1216.0|100.542|52.038|70.4
1|3037|2|LAVA|4001.058|-1808.762|1344.0|100.542|52.038|70.4
1|3037|2|LAVA|4001.058|-1808.762|1472.0|100.542|52.038|70.4
1|3037|2|LAVA|4001.058|-1808.762|1600.0|100.542|52.038|70.4
1|3037|2|LAVA|4001.058|-1808.762|1728.0|100.542|52.038|70.4
1|3037|2|LAVA|3857.058|-1840.762|64.0|100.542|52.038|70.4
1|3037|2|LAVA|3857.058|-1840.762|192.0|100.542|52.038|70.4
1|3037|2|LAVA|3857.058|-1840.762|320.0|100.542|52.038|70.4
1|3037|2|LAVA|3857.058|-1840.762|448.0|100.542|52.038|70.4
1|3037|2|LAVA|3857.058|-1840.762|576.0|100.542|52.038|70.4
1|3037|2|LAVA|3857.058|-1840.762|704.0|100.542|52.038|70.4
1|3037|2|LAVA|3857.058|-1840.762|832.0|100.542|52.038|70.4
1|3037|2|LAVA|3857.058|-1840.762|960.0|100.542|52.038|70.4
1|3037|2|LAVA|3857.058|-1840.762|1088.0|100.542|52.038|70.4
1|3037|2|LAVA|3857.058|-1840.762|1216.0|100.542|52.038|70.4
1|3037|2|LAVA|3857.058|-1840.762|1344.0|100.542|52.038|70.4
1|3037|2|LAVA|3857.058|-1840.762|1472.0|100.542|52.038|70.4
1|3037|2|LAVA|3857.058|-1840.762|1600.0|100.542|52.038|70.4
1|3037|2|LAVA|3857.058|-1840.762|1728.0|100.542|52.038|70.4
1|3037|2|LAVA|3713.058|-1872.762|64.0|100.542|52.038|70.4
1|3037|2|LAVA|3713.058|-1872.762|192.0|100.542|52.038|70.4
1|3037|2|LAVA|3713.058|-1872.762|320.0|100.542|52.038|70.4
1|3037|2|LAVA|3713.058|-1872.762|448.0|100.542|52.038|70.4
1|3037|2|LAVA|3713.058|-1872.762|576.0|100.542|52.038|70.4
1|3037|2|LAVA|3713.058|-1872.762|704.0|100.542|52.038|70.4
1|3037|2|LAVA|3713.058|-1872.762|832.0|100.542|52.038|70.4
1|3037|2|LAVA|3713.058|-1872.762|960.0|100.542|52.038|70.4
1|3037|2|LAVA|3713.058|-1872.762|1088.0|100.542|52.038|70.4
1|3037|2|LAVA|3713.058|-1872.762|1216.0|100.542|52.038|70.4
1|3037|2|LAVA|3713.058|-1872.762|1344.0|100.542|52.038|70.4
1|3037|2|LAVA|3713.058|-1872.762|1472.0|100.542|52.038|70.4
1|3037|2|LAVA|3713.058|-1872.762|1600.0|100.542|52.038|70.4
1|3037|2|LAVA|3713.058|-1872.762|1728.0|100.542|52.038|70.4
0|330|0|QLAVA|4818.909|-736.0|30|8.528|8.528|30
0|330|0|QLAVA|4510.545|-288.0|30|12.343|12.343|30
0|330|0|QLAVA|4048.0|160.0|30|18.612|18.612|30
0|330|0|QLAVA|4518.428|-331.238|30|8.0|8.0|30
0|334|0|QLAVA|2720.0|240.0|30|8.232|8.232|30
0|335|0|QLAVA|3024.0|448.0|30|13.72|13.72|30
0|335|0|QLAVA|2704.0|256.0|30|8.875|8.875|30
0|447|0|QLAVA|3002.273|-1736.33|30|8.0|8.0|30
0|718|0|QLAVA|4746.0|-334.0|30|11.384|11.384|30
0|719|0|QLAVA|4374.0|356.0|30|24.839|24.839|30
0|1028|0|QLAVA|-1034.0|1415.25|30|15.519|15.519|30
0|1028|0|QLAVA|-1034.0|1462.5|30|40.635|40.635|30
0|1289|0|QLAVA|4276.0|-7582.667|30|23.348|23.348|30
0|1289|0|QLAVA|4428.0|-7582.667|30|57.333|57.333|30
0|1289|0|QLAVA|4580.0|-7582.667|30|54.171|54.171|30
0|1289|0|QLAVA|4276.0|-7468.0|30|63.609|63.609|30
0|1289|0|QLAVA|4428.0|-7468.0|30|112|112|30
0|1289|0|QLAVA|4580.0|-7468.0|30|112|112|30
0|1289|0|QLAVA|4732.0|-7468.0|30|64.893|64.893|30
0|1289|0|QLAVA|4428.0|-7353.333|30|46.122|46.122|30
0|1289|0|QLAVA|4580.0|-7353.333|30|40.352|40.352|30
0|1289|0|QLAVA|4732.0|-7353.333|30|18.238|18.238|30
0|1289|0|QLAVA|4504.0|-7468.0|30|112|112|30
0|1294|0|QLAVA|5424.0|-7324.0|30|9.219|9.219|30
0|1294|0|QLAVA|5424.0|-7220.0|30|38.806|38.806|30
0|1294|0|QLAVA|5520.0|-7220.0|30|15.522|15.522|30
0|1294|0|QLAVA|5472.0|-7272.0|30|18.437|18.437|30
0|1296|0|QLAVA|5791.0|-7640.0|30|24.0|24.0|30
0|1296|0|QLAVA|5913.0|-7640.0|30|58.246|58.246|30
0|1296|0|QLAVA|5791.0|-7496.0|30|17.441|17.441|30
0|1296|0|QLAVA|5913.0|-7496.0|30|62.765|62.765|30
0|1296|0|QLAVA|6035.0|-7496.0|30|11.84|11.84|30
0|1296|0|QLAVA|5913.0|-7352.0|30|39.812|39.812|30
0|1296|0|QLAVA|6035.0|-7352.0|30|20.616|20.616|30
0|1296|0|QLAVA|5791.0|-7208.0|30|30.825|30.825|30
0|1296|0|QLAVA|5913.0|-7208.0|30|43.416|43.416|30
0|1296|0|QLAVA|5822.374|-7311.165|30|8.0|8.0|30
0|1297|0|QLAVA|5436.0|-7399.0|30|56.08|56.08|30
0|1297|0|QLAVA|5556.0|-7399.0|30|12.0|12.0|30
0|1297|0|QLAVA|5676.0|-7399.0|30|17.39|17.39|30
0|1297|0|QLAVA|5556.0|-7277.0|30|39.179|39.179|30
0|1297|0|QLAVA|5556.0|-7460.0|30|9.03|9.03|30
0|1611|0|QLAVA|6000.0|-7376.0|30|12.0|12.0|30
0|1612|0|QLAVA|5968.0|-7376.0|30|12.0|12.0|30
0|1613|0|QLAVA|5968.0|-7408.0|30|12.0|12.0|30
0|1614|0|QLAVA|6000.0|-7408.0|30|12.0|12.0|30
0|1616|0|QLAVA|5616.0|-7376.0|30|12.0|12.0|30
0|1617|0|QLAVA|5584.0|-7376.0|30|12.0|12.0|30
0|1618|0|QLAVA|5584.0|-7408.0|30|12.0|12.0|30
0|1619|0|QLAVA|5616.0|-7408.0|30|12.0|12.0|30
0|1621|0|QLAVA|5808.0|-7568.0|30|12.0|12.0|30
0|1622|0|QLAVA|5776.0|-7568.0|30|12.0|12.0|30
0|1623|0|QLAVA|5776.0|-7600.0|30|12.0|12.0|30
0|1624|0|QLAVA|5808.0|-7600.0|30|12.0|12.0|30
0|1626|0|QLAVA|5488.0|-7632.0|30|12.0|12.0|30
0|1627|0|QLAVA|5456.0|-7632.0|30|12.0|12.0|30
0|1628|0|QLAVA|5456.0|-7664.0|30|12.0|12.0|30
0|1629|0|QLAVA|5488.0|-7664.0|30|12.0|12.0|30
0|2306|0|QLAVA|-1509.25|390.625|30|20.45|20.45|30
0|2306|0|QLAVA|-1810.25|531.875|30|30.981|30.981|30
0|2306|0|QLAVA|-1659.75|531.875|30|65.554|65.554|30
0|2306|0|QLAVA|-1509.25|531.875|30|112|112|30
0|2306|0|QLAVA|-1358.75|531.875|30|97.901|97.901|30
0|2306|0|QLAVA|-1208.25|531.875|30|106.214|106.214|30
0|2306|0|QLAVA|-1057.75|531.875|30|102.492|102.492|30
0|2306|0|QLAVA|-907.25|531.875|30|22.39|22.39|30
0|2306|0|QLAVA|-1960.75|673.125|30|19.913|19.913|30
0|2306|0|QLAVA|-1810.25|673.125|30|112|112|30
0|2306|0|QLAVA|-1659.75|673.125|30|112|112|30
0|2306|0|QLAVA|-1509.25|673.125|30|112|112|30
0|2306|0|QLAVA|-1358.75|673.125|30|112|112|30
0|2306|0|QLAVA|-1208.25|673.125|30|112|112|30
0|2306|0|QLAVA|-1057.75|673.125|30|112|112|30
0|2306|0|QLAVA|-907.25|673.125|30|61.047|61.047|30
0|2306|0|QLAVA|-1960.75|814.375|30|18.281|18.281|30
0|2306|0|QLAVA|-1810.25|814.375|30|112|112|30
0|2306|0|QLAVA|-1659.75|814.375|30|112|112|30
0|2306|0|QLAVA|-1509.25|814.375|30|112|112|30
0|2306|0|QLAVA|-1358.75|814.375|30|112|112|30
0|2306|0|QLAVA|-1208.25|814.375|30|112|112|30
0|2306|0|QLAVA|-1057.75|814.375|30|105.986|105.986|30
0|2306|0|QLAVA|-1960.75|955.625|30|12.931|12.931|30
0|2306|0|QLAVA|-1810.25|955.625|30|112|112|30
0|2306|0|QLAVA|-1659.75|955.625|30|112|112|30
0|2306|0|QLAVA|-1509.25|955.625|30|112|112|30
0|2306|0|QLAVA|-1358.75|955.625|30|112|112|30
0|2306|0|QLAVA|-1208.25|955.625|30|112|112|30
0|2306|0|QLAVA|-1057.75|955.625|30|71.288|71.288|30
0|2306|0|QLAVA|-1810.25|1096.875|30|112|112|30
0|2306|0|QLAVA|-1659.75|1096.875|30|112|112|30
0|2306|0|QLAVA|-1509.25|1096.875|30|112|112|30
0|2306|0|QLAVA|-1358.75|1096.875|30|112|112|30
0|2306|0|QLAVA|-1208.25|1096.875|30|112|112|30
0|2306|0|QLAVA|-1057.75|1096.875|30|65.784|65.784|30
0|2306|0|QLAVA|-1509.25|1238.125|30|65.585|65.585|30
0|2306|0|QLAVA|-1358.75|1238.125|30|112|112|30
0|2306|0|QLAVA|-1208.25|1238.125|30|16.841|16.841|30
0|2306|0|QLAVA|-1358.75|1379.375|30|25.017|25.017|30
0|2306|0|QLAVA|-1434.0|885.0|30|112|112|30
0|2308|0|QLAVA|-933.0|1098.5|30|22.909|22.909|30
0|2312|0|QLAVA|-2022.5|1026.0|30|21.352|21.352|30
0|2313|0|QLAVA|-882.5|992.5|30|15.275|15.275|30
0|2315|0|QLAVA|-2051.5|1121.5|30|11.068|11.068|30
0|2319|0|QLAVA|-1689.5|304.5|30|40.064|40.064|30
0|2320|0|QLAVA|-834.0|1174.0|30|17.002|17.002|30
0|2322|0|QLAVA|-813.655|1102.578|30|8.0|8.0|30
0|2325|0|QLAVA|-886.5|815.5|30|23.994|23.994|30
0|2329|0|QLAVA|-1801.0|1376.5|30|15.882|15.882|30
0|2330|0|QLAVA|-794.0|1223.5|30|11.459|11.459|30
0|2334|0|QLAVA|-2095.0|1143.5|30|11.187|11.187|30
0|2337|0|QLAVA|-1648.0|390.75|30|24.219|24.219|30
0|2337|0|QLAVA|-1648.0|336.5|30|9.627|9.627|30
0|2339|0|QLAVA|-1687.5|1281.0|30|13.173|13.173|30
0|2342|0|QLAVA|-2118.5|751.0|30|32.41|32.41|30
0|2342|0|QLAVA|-2017.5|751.0|30|17.241|17.241|30
0|2342|0|QLAVA|-2068.0|751.0|30|12.04|12.04|30
0|2343|0|QLAVA|-1209.5|266.0|30|22.897|22.897|30
0|2343|0|QLAVA|-1209.5|225.0|30|15.346|15.346|30
0|2346|0|QLAVA|-1960.75|1251.25|30|9.27|9.27|30
0|2346|0|QLAVA|-1872.25|1353.75|30|17.729|17.729|30
0|2346|0|QLAVA|-1916.5|1302.5|30|39.8|39.8|30
0|2348|0|QLAVA|-2077.5|1069.5|30|18.385|18.385|30
0|2353|0|QLAVA|-1157.5|43.5|30|10.512|10.512|30
0|2356|0|QLAVA|-874.75|478.25|30|22.646|22.646|30
0|2356|0|QLAVA|-824.5|431.5|30|38.69|38.69|30
0|2359|0|QLAVA|-2168.0|1142.0|30|15.44|15.44|30
0|2368|0|QLAVA|-1644.0|1367.5|30|17.776|17.776|30
0|2368|0|QLAVA|-1746.0|1472.5|30|19.94|19.94|30
0|2368|0|QLAVA|-1644.0|1472.5|30|14.087|14.087|30
0|2372|0|QLAVA|-2193.0|665.0|30|20.874|20.874|30
0|2381|0|QLAVA|-2125.5|1105.0|30|10.286|10.286|30
0|2382|0|QLAVA|-745.5|416.5|30|33.923|33.923|30
0|2390|0|QLAVA|-1240.0|79.0|30|29.589|29.589|30
0|2390|0|QLAVA|-1240.0|161.0|30|25.495|25.495|30
0|2390|0|QLAVA|-1240.0|120.0|30|37.054|37.054|30
0|2395|0|QLAVA|-1145.0|1288.75|30|9.019|9.019|30
0|2395|0|QLAVA|-1145.0|1331.5|30|14.431|14.431|30
0|2397|0|QLAVA|-1266.0|352.0|30|27.457|27.457|30
0|2411|0|QLAVA|-635.0|897.0|30|35.283|35.283|30
0|2411|0|QLAVA|-677.0|897.0|30|19.209|19.209|30
0|2891|0|QLAVA|15245.176|-2864.762|30|77.176|77.176|30
0|2891|0|QLAVA|15399.529|-2864.762|30|79.238|79.238|30
0|2891|0|QLAVA|15553.882|-2864.762|30|79.238|79.238|30
0|2891|0|QLAVA|15708.235|-2864.762|30|79.238|79.238|30
0|2891|0|QLAVA|15862.588|-2864.762|30|79.238|79.238|30
0|2891|0|QLAVA|16016.941|-2864.762|30|79.238|79.238|30
0|2891|0|QLAVA|16171.294|-2864.762|30|79.238|79.238|30
0|2891|0|QLAVA|16325.647|-2864.762|30|79.238|79.238|30
0|2891|0|QLAVA|16480.0|-2864.762|30|79.238|79.238|30
0|2891|0|QLAVA|16634.353|-2864.762|30|79.238|79.238|30
0|2891|0|QLAVA|16788.706|-2864.762|30|79.238|79.238|30
0|2891|0|QLAVA|16943.059|-2864.762|30|79.238|79.238|30
0|2891|0|QLAVA|17097.412|-2864.762|30|79.238|79.238|30
0|2891|0|QLAVA|17251.765|-2864.762|30|79.238|79.238|30
0|2891|0|QLAVA|17406.118|-2864.762|30|79.238|79.238|30
0|2891|0|QLAVA|17560.471|-2864.762|30|79.238|79.238|30
0|2891|0|QLAVA|17714.824|-2864.762|30|77.176|77.176|30
0|2891|0|QLAVA|15245.176|-2706.286|30|77.176|77.176|30
0|2891|0|QLAVA|15399.529|-2706.286|30|112|112|30
0|2891|0|QLAVA|15553.882|-2706.286|30|112|112|30
0|2891|0|QLAVA|15708.235|-2706.286|30|112|112|30
0|2891|0|QLAVA|15862.588|-2706.286|30|112|112|30
0|2891|0|QLAVA|16016.941|-2706.286|30|112|112|30
0|2891|0|QLAVA|16171.294|-2706.286|30|112|112|30
0|2891|0|QLAVA|16325.647|-2706.286|30|112|112|30
0|2891|0|QLAVA|16480.0|-2706.286|30|112|112|30
0|2891|0|QLAVA|16634.353|-2706.286|30|112|112|30
0|2891|0|QLAVA|16788.706|-2706.286|30|112|112|30
0|2891|0|QLAVA|16943.059|-2706.286|30|112|112|30
0|2891|0|QLAVA|17097.412|-2706.286|30|112|112|30
0|2891|0|QLAVA|17251.765|-2706.286|30|112|112|30
0|2891|0|QLAVA|17406.118|-2706.286|30|112|112|30
0|2891|0|QLAVA|17560.471|-2706.286|30|112|112|30
0|2891|0|QLAVA|17714.824|-2706.286|30|77.176|77.176|30
0|2891|0|QLAVA|15245.176|-2547.81|30|77.176|77.176|30
0|2891|0|QLAVA|15399.529|-2547.81|30|112|112|30
0|2891|0|QLAVA|15553.882|-2547.81|30|112|112|30
0|2891|0|QLAVA|15708.235|-2547.81|30|112|112|30
0|2891|0|QLAVA|15862.588|-2547.81|30|112|112|30
0|2891|0|QLAVA|16016.941|-2547.81|30|112|112|30
0|2891|0|QLAVA|16171.294|-2547.81|30|112|112|30
0|2891|0|QLAVA|16325.647|-2547.81|30|112|112|30
0|2891|0|QLAVA|16480.0|-2547.81|30|112|112|30
0|2891|0|QLAVA|16634.353|-2547.81|30|112|112|30
0|2891|0|QLAVA|16788.706|-2547.81|30|112|112|30
0|2891|0|QLAVA|16943.059|-2547.81|30|112|112|30
0|2891|0|QLAVA|17097.412|-2547.81|30|112|112|30
0|2891|0|QLAVA|17251.765|-2547.81|30|112|112|30
0|2891|0|QLAVA|17406.118|-2547.81|30|112|112|30
0|2891|0|QLAVA|17560.471|-2547.81|30|112|112|30
0|2891|0|QLAVA|17714.824|-2547.81|30|77.176|77.176|30
0|2891|0|QLAVA|15245.176|-2389.333|30|77.176|77.176|30
0|2891|0|QLAVA|15399.529|-2389.333|30|112|112|30
0|2891|0|QLAVA|15553.882|-2389.333|30|112|112|30
0|2891|0|QLAVA|15708.235|-2389.333|30|112|112|30
0|2891|0|QLAVA|15862.588|-2389.333|30|80.534|80.534|30
0|2891|0|QLAVA|16016.941|-2389.333|30|11.505|11.505|30
0|2891|0|QLAVA|16943.059|-2389.333|30|40.126|40.126|30
0|2891|0|QLAVA|17097.412|-2389.333|30|112|112|30
0|2891|0|QLAVA|17251.765|-2389.333|30|112|112|30
0|2891|0|QLAVA|17406.118|-2389.333|30|112|112|30
0|2891|0|QLAVA|17560.471|-2389.333|30|112|112|30
0|2891|0|QLAVA|17714.824|-2389.333|30|77.176|77.176|30
0|2891|0|QLAVA|15245.176|-2230.857|30|77.176|77.176|30
0|2891|0|QLAVA|15399.529|-2230.857|30|112|112|30
0|2891|0|QLAVA|15553.882|-2230.857|30|112|112|30
0|2891|0|QLAVA|15708.235|-2230.857|30|64.079|64.079|30
0|2891|0|QLAVA|17251.765|-2230.857|30|109.334|109.334|30
0|2891|0|QLAVA|17406.118|-2230.857|30|112|112|30
0|2891|0|QLAVA|17560.471|-2230.857|30|112|112|30
0|2891|0|QLAVA|17714.824|-2230.857|30|77.176|77.176|30
0|2891|0|QLAVA|15245.176|-2072.381|30|77.176|77.176|30
0|2891|0|QLAVA|15399.529|-2072.381|30|112|112|30
0|2891|0|QLAVA|15553.882|-2072.381|30|66.463|66.463|30
0|2891|0|QLAVA|17406.118|-2072.381|30|112|112|30
0|2891|0|QLAVA|17560.471|-2072.381|30|112|112|30
0|2891|0|QLAVA|17714.824|-2072.381|30|77.176|77.176|30
0|2891|0|QLAVA|15245.176|-1913.905|30|77.176|77.176|30
0|2891|0|QLAVA|15399.529|-1913.905|30|112|112|30
0|2891|0|QLAVA|17406.118|-1913.905|30|52.834|52.834|30
0|2891|0|QLAVA|17560.471|-1913.905|30|112|112|30
0|2891|0|QLAVA|17714.824|-1913.905|30|77.176|77.176|30
0|2891|0|QLAVA|15245.176|-1755.429|30|77.176|77.176|30
0|2891|0|QLAVA|15399.529|-1755.429|30|88.471|88.471|30
0|2891|0|QLAVA|17560.471|-1755.429|30|112|112|30
0|2891|0|QLAVA|17714.824|-1755.429|30|77.176|77.176|30
0|2891|0|QLAVA|15245.176|-1596.952|30|77.176|77.176|30
0|2891|0|QLAVA|15399.529|-1596.952|30|88.471|88.471|30
0|2891|0|QLAVA|17560.471|-1596.952|30|112|112|30
0|2891|0|QLAVA|17714.824|-1596.952|30|77.176|77.176|30
0|2891|0|QLAVA|15245.176|-1438.476|30|77.176|77.176|30
0|2891|0|QLAVA|15399.529|-1438.476|30|88.471|88.471|30
0|2891|0|QLAVA|17560.471|-1438.476|30|112|112|30
0|2891|0|QLAVA|17714.824|-1438.476|30|77.176|77.176|30
0|2891|0|QLAVA|15245.176|-1280.0|30|77.176|77.176|30
0|2891|0|QLAVA|15399.529|-1280.0|30|88.471|88.471|30
0|2891|0|QLAVA|17560.471|-1280.0|30|112|112|30
0|2891|0|QLAVA|17714.824|-1280.0|30|77.176|77.176|30
0|2891|0|QLAVA|15245.176|-1121.524|30|77.176|77.176|30
0|2891|0|QLAVA|15399.529|-1121.524|30|93.573|93.573|30
0|2891|0|QLAVA|17406.118|-1121.524|30|11.946|11.946|30
0|2891|0|QLAVA|17560.471|-1121.524|30|112|112|30
0|2891|0|QLAVA|17714.824|-1121.524|30|77.176|77.176|30
0|2891|0|QLAVA|15245.176|-963.048|30|77.176|77.176|30
0|2891|0|QLAVA|15399.529|-963.048|30|112|112|30
0|2891|0|QLAVA|15553.882|-963.048|30|25.575|25.575|30
0|2891|0|QLAVA|17406.118|-963.048|30|82.818|82.818|30
0|2891|0|QLAVA|17560.471|-963.048|30|112|112|30
0|2891|0|QLAVA|17714.824|-963.048|30|77.176|77.176|30
0|2891|0|QLAVA|15245.176|-804.571|30|77.176|77.176|30
0|2891|0|QLAVA|15399.529|-804.571|30|112|112|30
0|2891|0|QLAVA|15553.882|-804.571|30|108.574|108.574|30
0|2891|0|QLAVA|17251.765|-804.571|30|44.684|44.684|30
0|2891|0|QLAVA|17406.118|-804.571|30|112|112|30
0|2891|0|QLAVA|17560.471|-804.571|30|112|112|30
0|2891|0|QLAVA|17714.824|-804.571|30|77.176|77.176|30
0|2891|0|QLAVA|15245.176|-646.095|30|77.176|77.176|30
0|2891|0|QLAVA|15399.529|-646.095|30|112|112|30
0|2891|0|QLAVA|15553.882|-646.095|30|112|112|30
0|2891|0|QLAVA|15708.235|-646.095|30|111.489|111.489|30
0|2891|0|QLAVA|17097.412|-646.095|30|47.6|47.6|30
0|2891|0|QLAVA|17251.765|-646.095|30|112|112|30
0|2891|0|QLAVA|17406.118|-646.095|30|112|112|30
0|2891|0|QLAVA|17560.471|-646.095|30|112|112|30
0|2891|0|QLAVA|17714.824|-646.095|30|77.176|77.176|30
0|2891|0|QLAVA|15245.176|-487.619|30|77.176|77.176|30
0|2891|0|QLAVA|15399.529|-487.619|30|112|112|30
0|2891|0|QLAVA|15553.882|-487.619|30|112|112|30
0|2891|0|QLAVA|15708.235|-487.619|30|112|112|30
0|2891|0|QLAVA|15862.588|-487.619|30|112|112|30
0|2891|0|QLAVA|16016.941|-487.619|30|71.474|71.474|30
0|2891|0|QLAVA|16171.294|-487.619|30|24.381|24.381|30
0|2891|0|QLAVA|16634.353|-487.619|30|24.381|24.381|30
0|2891|0|QLAVA|16788.706|-487.619|30|31.067|31.067|30
0|2891|0|QLAVA|16943.059|-487.619|30|100.096|100.096|30
0|2891|0|QLAVA|17097.412|-487.619|30|112|112|30
0|2891|0|QLAVA|17251.765|-487.619|30|112|112|30
0|2891|0|QLAVA|17406.118|-487.619|30|112|112|30
0|2891|0|QLAVA|17560.471|-487.619|30|112|112|30
0|2891|0|QLAVA|17714.824|-487.619|30|77.176|77.176|30
0|2891|0|QLAVA|15245.176|-329.143|30|77.176|77.176|30
0|2891|0|QLAVA|15399.529|-329.143|30|112|112|30
0|2891|0|QLAVA|15553.882|-329.143|30|112|112|30
0|2891|0|QLAVA|15708.235|-329.143|30|112|112|30
0|2891|0|QLAVA|15862.588|-329.143|30|112|112|30
0|2891|0|QLAVA|16016.941|-329.143|30|112|112|30
0|2891|0|QLAVA|16171.294|-329.143|30|94.169|94.169|30
0|2891|0|QLAVA|16634.353|-329.143|30|41.97|41.97|30
0|2891|0|QLAVA|16788.706|-329.143|30|112|112|30
0|2891|0|QLAVA|16943.059|-329.143|30|112|112|30
0|2891|0|QLAVA|17097.412|-329.143|30|112|112|30
0|2891|0|QLAVA|17251.765|-329.143|30|112|112|30
0|2891|0|QLAVA|17406.118|-329.143|30|112|112|30
0|2891|0|QLAVA|17560.471|-329.143|30|112|112|30
0|2891|0|QLAVA|17714.824|-329.143|30|77.176|77.176|30
0|2891|0|QLAVA|15245.176|-170.667|30|77.176|77.176|30
0|2891|0|QLAVA|15399.529|-170.667|30|112|112|30
0|2891|0|QLAVA|15553.882|-170.667|30|112|112|30
0|2891|0|QLAVA|15708.235|-170.667|30|112|112|30
0|2891|0|QLAVA|15862.588|-170.667|30|112|112|30
0|2891|0|QLAVA|16016.941|-170.667|30|34.04|34.04|30
0|2891|0|QLAVA|16171.294|-170.667|30|15.31|15.31|30
0|2891|0|QLAVA|16634.353|-170.667|30|56.384|56.384|30
0|2891|0|QLAVA|16788.706|-170.667|30|42.667|42.667|30
0|2891|0|QLAVA|16943.059|-170.667|30|80.861|80.861|30
0|2891|0|QLAVA|17097.412|-170.667|30|112|112|30
0|2891|0|QLAVA|17251.765|-170.667|30|112|112|30
0|2891|0|QLAVA|17406.118|-170.667|30|112|112|30
0|2891|0|QLAVA|17560.471|-170.667|30|112|112|30
0|2891|0|QLAVA|17714.824|-170.667|30|77.176|77.176|30
0|2891|0|QLAVA|15245.176|-12.19|30|77.176|77.176|30
0|2891|0|QLAVA|15399.529|-12.19|30|112|112|30
0|2891|0|QLAVA|15553.882|-12.19|30|112|112|30
0|2891|0|QLAVA|15708.235|-12.19|30|112|112|30
0|2891|0|QLAVA|15862.588|-12.19|30|43.169|43.169|30
0|2891|0|QLAVA|17097.412|-12.19|30|89.699|89.699|30
0|2891|0|QLAVA|17251.765|-12.19|30|112|112|30
0|2891|0|QLAVA|17406.118|-12.19|30|112|112|30
0|2891|0|QLAVA|17560.471|-12.19|30|112|112|30
0|2891|0|QLAVA|17714.824|-12.19|30|77.176|77.176|30
0|2891|0|QLAVA|15245.176|146.286|30|77.176|77.176|30
0|2891|0|QLAVA|15399.529|146.286|30|112|112|30
0|2891|0|QLAVA|15553.882|146.286|30|112|112|30
0|2891|0|QLAVA|15708.235|146.286|30|112|112|30
0|2891|0|QLAVA|15862.588|146.286|30|13.566|13.566|30
0|2891|0|QLAVA|17097.412|146.286|30|99.779|99.779|30
0|2891|0|QLAVA|17251.765|146.286|30|112|112|30
0|2891|0|QLAVA|17406.118|146.286|30|112|112|30
0|2891|0|QLAVA|17560.471|146.286|30|112|112|30
0|2891|0|QLAVA|17714.824|146.286|30|77.176|77.176|30
0|2891|0|QLAVA|15245.176|304.762|30|77.176|77.176|30
0|2891|0|QLAVA|15399.529|304.762|30|79.238|79.238|30
0|2891|0|QLAVA|15553.882|304.762|30|79.238|79.238|30
0|2891|0|QLAVA|15708.235|304.762|30|79.238|79.238|30
0|2891|0|QLAVA|15862.588|304.762|30|63.974|63.974|30
0|2891|0|QLAVA|17097.412|304.762|30|75.301|75.301|30
0|2891|0|QLAVA|17251.765|304.762|30|79.238|79.238|30
0|2891|0|QLAVA|17406.118|304.762|30|79.238|79.238|30
0|2891|0|QLAVA|17560.471|304.762|30|79.238|79.238|30
0|2891|0|QLAVA|17714.824|304.762|30|77.176|77.176|30
0|2891|0|QLAVA|17784.0|-1280.0|30|8.0|8.0|30
0|2943|0|FIRELAV2|15936.0|-960.0|30|48.0|48.0|30
0|2947|0|FIRELAV2|16928.0|-960.0|30|48.0|48.0|30
0|2951|0|FIRELAV2|16960.0|-1984.0|30|48.0|48.0|30
0|2955|0|FIRELAV2|15936.0|-1984.0|30|48.0|48.0|30
0|2965|0|FIRELAV2|16448.0|-1472.0|30|46.0|46.0|30
