UTNTLavaLip_tnt04cn_344_0|344|0|193|0|-3269.0|-4620.0|-3224.0|-4744.0|-3246.5|-4682.0|0.0|0.0|0.0|QLAVA|LAVA|4.0
UTNTLavaLip_tnt04cn_898_0|898|0|193|0|-3328.0|-3456.0|-3306.0|-3496.0|-3317.0|-3476.0|0.0|0.0|0.0|QLAVA|LAVA|4.0
UTNTLavaLip_tnt04cn_899_0|899|0|193|0|-3200.0|-3584.0|-3219.0|-3646.0|-3209.5|-3615.0|0.0|0.0|0.0|QLAVA|LAVA|4.0
UTNTLavaLip_tnt04cn_900_0|900|0|193|0|-3200.0|-3840.0|-3259.0|-3924.0|-3229.5|-3882.0|0.0|0.0|0.0|QLAVA|LAVA|4.0
UTNTLavaLip_tnt04cn_901_0|901|0|193|0|-3328.0|-4224.0|-3334.0|-4359.0|-3331.0|-4291.5|0.0|0.0|0.0|QLAVA|LAVA|4.0
UTNTLavaLip_tnt04cn_902_0|902|0|193|0|-3224.0|-4744.0|-3158.0|-4866.0|-3191.0|-4805.0|0.0|0.0|0.0|QLAVA|LAVA|4.0
UTNTLavaLip_tnt04cn_903_0|903|0|193|0|-2816.0|-5120.0|-2690.0|-5158.0|-2753.0|-5139.0|0.0|0.0|0.0|QLAVA|LAVA|4.0
UTNTLavaLip_tnt04cn_904_0|904|0|193|0|-2304.0|-5120.0|-2147.0|-5167.0|-2225.5|-5143.5|0.0|0.0|0.0|QLAVA|LAVA|4.0
UTNTLavaLip_tnt04cn_905_0|905|0|193|0|-1664.0|-5120.0|-1587.0|-5021.0|-1625.5|-5070.5|0.0|0.0|0.0|QLAVA|LAVA|4.0
UTNTLavaLip_tnt04cn_906_0|906|0|193|0|-1432.0|-4616.0|-1253.0|-4551.0|-1342.5|-4583.5|0.0|0.0|0.0|QLAVA|LAVA|4.0
UTNTLavaLip_tnt04cn_907_0|907|0|193|0|-896.0|-4224.0|-842.0|-4274.0|-869.0|-4249.0|0.0|0.0|0.0|QLAVA|LAVA|4.0
UTNTLavaLip_tnt04cn_908_0|908|0|193|0|-640.0|-4352.0|-605.0|-4465.0|-622.5|-4408.5|0.0|0.0|0.0|QLAVA|LAVA|4.0
UTNTLavaLip_tnt04cn_909_0|909|0|193|0|-384.0|-4736.0|-270.0|-4701.0|-327.0|-4718.5|0.0|0.0|0.0|QLAVA|LAVA|4.0
UTNTLavaLip_tnt04cn_910_0|910|0|193|0|0.0|-4480.0|59.0|-4395.0|29.5|-4437.5|0.0|0.0|0.0|QLAVA|LAVA|4.0
UTNTLavaLip_tnt04cn_911_0|911|0|193|0|128.0|-4096.0|253.0|-4134.0|190.5|-4115.0|0.0|0.0|0.0|QLAVA|LAVA|4.0
UTNTLavaLip_tnt04cn_912_0|912|0|193|0|640.0|-4096.0|724.0|-4155.0|682.0|-4125.5|0.0|0.0|0.0|QLAVA|LAVA|4.0
UTNTLavaLip_tnt04cn_913_0|913|0|193|0|1024.0|-4224.0|1171.0|-4302.0|1097.5|-4263.0|0.0|0.0|0.0|QLAVA|LAVA|4.0
UTNTLavaLip_tnt04cn_914_0|914|0|193|0|1664.0|-4352.0|1808.0|-4327.0|1736.0|-4339.5|0.0|0.0|0.0|QLAVA|LAVA|4.0
UTNTLavaLip_tnt04cn_915_0|915|0|193|0|2176.0|-4096.0|2364.0|-4153.0|2270.0|-4124.5|0.0|0.0|0.0|QLAVA|LAVA|4.0
UTNTLavaLip_tnt04cn_916_0|916|0|193|0|2944.0|-4096.0|2987.0|-4177.0|2965.5|-4136.5|0.0|0.0|0.0|QLAVA|LAVA|4.0
UTNTLavaLip_tnt04cn_917_0|917|0|193|0|3200.0|-4352.0|3193.0|-4487.0|3196.5|-4419.5|0.0|0.0|0.0|QLAVA|LAVA|4.0
UTNTLavaLip_tnt04cn_918_0|918|0|193|0|3328.0|-4864.0|3412.0|-4923.0|3370.0|-4893.5|0.0|0.0|0.0|QLAVA|LAVA|4.0
UTNTLavaLip_tnt04cn_919_0|919|0|193|0|3712.0|-4992.0|3803.0|-4916.0|3757.5|-4954.0|0.0|0.0|0.0|QLAVA|LAVA|4.0
UTNTLavaLip_tnt04cn_920_0|920|0|193|0|3968.0|-4608.0|3943.0|-4463.0|3955.5|-4535.5|0.0|0.0|0.0|QLAVA|LAVA|4.0
UTNTLavaLip_tnt04cn_921_0|921|0|193|0|3712.0|-4096.0|3699.0|-4023.0|3705.5|-4059.5|0.0|0.0|0.0|QLAVA|LAVA|4.0
UTNTLavaLip_tnt04cn_922_0|922|0|193|0|3584.0|-3840.0|3643.0|-3755.0|3613.5|-3797.5|0.0|0.0|0.0|QLAVA|LAVA|4.0
UTNTLavaLip_tnt04cn_923_0|923|0|193|0|3712.0|-3456.0|3856.0|-3431.0|3784.0|-3443.5|0.0|0.0|0.0|QLAVA|LAVA|4.0
UTNTLavaLip_tnt04cn_924_0|924|0|193|0|4224.0|-3200.0|4308.0|-3259.0|4266.0|-3229.5|0.0|0.0|0.0|QLAVA|LAVA|4.0
UTNTLavaLip_tnt04cn_925_0|925|0|193|0|4608.0|-3328.0|4730.0|-3262.0|4669.0|-3295.0|0.0|0.0|0.0|QLAVA|LAVA|4.0
UTNTLavaLip_tnt04cn_926_0|926|0|193|0|4992.0|-2944.0|4935.0|-2789.0|4963.5|-2866.5|0.0|0.0|0.0|QLAVA|LAVA|4.0
UTNTLavaLip_tnt04cn_927_0|927|0|193|0|4608.0|-2432.0|4573.0|-2318.0|4590.5|-2375.0|0.0|0.0|0.0|QLAVA|LAVA|4.0
UTNTLavaLip_tnt04cn_928_0|928|0|193|0|4352.0|-2048.0|4440.0|-1869.0|4396.0|-1958.5|0.0|0.0|0.0|QLAVA|LAVA|4.0
UTNTLavaLip_tnt04cn_929_0|929|0|193|0|4480.0|-1280.0|4590.0|-1142.0|4535.0|-1211.0|0.0|0.0|0.0|QLAVA|LAVA|4.0
UTNTLavaLip_tnt04cn_930_0|930|0|193|0|4736.0|-640.0|4742.0|-504.0|4739.0|-572.0|0.0|0.0|0.0|QLAVA|LAVA|4.0
UTNTLavaLip_tnt04cn_931_0|931|0|193|0|4608.0|-128.0|4570.0|88.0|4589.0|-20.0|0.0|0.0|0.0|QLAVA|LAVA|4.0
UTNTLavaLip_tnt04cn_932_0|932|0|193|0|4224.0|640.0|4271.0|796.0|4247.5|718.0|0.0|0.0|0.0|QLAVA|LAVA|4.0
UTNTLavaLip_tnt04cn_933_0|933|0|193|0|4224.0|1280.0|4274.0|1333.0|4249.0|1306.5|0.0|0.0|0.0|QLAVA|LAVA|4.0
UTNTLavaLip_tnt04cn_934_0|934|0|193|0|4352.0|1536.0|4484.0|1632.0|4418.0|1584.0|0.0|0.0|0.0|QLAVA|LAVA|4.0
UTNTLavaLip_tnt04cn_935_0|935|0|193|0|4736.0|2048.0|4733.0|2151.0|4734.5|2099.5|0.0|0.0|0.0|QLAVA|LAVA|4.0
UTNTLavaLip_tnt04cn_936_0|936|0|193|0|4608.0|2432.0|4523.0|2491.0|4565.5|2461.5|0.0|0.0|0.0|QLAVA|LAVA|4.0
UTNTLavaLip_tnt04cn_937_0|937|0|193|0|4224.0|2560.0|4110.0|2525.0|4167.0|2542.5|0.0|0.0|0.0|QLAVA|LAVA|4.0
UTNTLavaLip_tnt04cn_938_0|938|0|193|0|3840.0|2304.0|3748.0|2228.0|3794.0|2266.0|0.0|0.0|0.0|QLAVA|LAVA|4.0
UTNTLavaLip_tnt04cn_939_0|939|0|193|0|3584.0|1920.0|3552.0|1929.0|3568.0|1924.5|0.0|0.0|0.0|QLAVA|LAVA|4.0
UTNTLavaLip_tnt04cn_940_0|940|0|193|0|3456.0|1920.0|3431.0|2064.0|3443.5|1992.0|0.0|0.0|0.0|QLAVA|LAVA|4.0
UTNTLavaLip_tnt04cn_941_0|941|0|193|0|3200.0|2432.0|3156.0|2513.0|3178.0|2472.5|0.0|0.0|0.0|QLAVA|LAVA|4.0
UTNTLavaLip_tnt04cn_942_0|942|0|193|0|2944.0|2688.0|2808.0|2694.0|2876.0|2691.0|0.0|0.0|0.0|QLAVA|LAVA|4.0
UTNTLavaLip_tnt04cn_943_0|943|0|193|0|2432.0|2560.0|2294.0|2670.0|2363.0|2615.0|0.0|0.0|0.0|QLAVA|LAVA|4.0
UTNTLavaLip_tnt04cn_944_0|944|0|193|0|1792.0|2816.0|1468.0|2879.0|1630.0|2847.5|0.0|0.0|0.0|QLAVA|LAVA|4.0
UTNTLavaLip_tnt04cn_945_0|945|0|193|0|512.0|2688.0|145.0|2833.0|328.5|2760.5|0.0|0.0|0.0|QLAVA|LAVA|4.0
UTNTLavaLip_tnt04cn_946_0|946|0|193|0|-1024.0|2816.0|-1231.0|2810.0|-1127.5|2813.0|0.0|0.0|0.0|QLAVA|LAVA|4.0
UTNTLavaLip_tnt04cn_947_0|947|0|193|0|-1792.0|2560.0|-1939.0|2638.0|-1865.5|2599.0|0.0|0.0|0.0|QLAVA|LAVA|4.0
UTNTLavaLip_tnt04cn_948_0|948|0|193|0|-2432.0|2688.0|-2526.0|2716.0|-2479.0|2702.0|0.0|0.0|0.0|QLAVA|LAVA|4.0
UTNTLavaLip_tnt04cn_949_0|949|0|193|0|-2816.0|2688.0|-2919.0|2685.0|-2867.5|2686.5|0.0|0.0|0.0|QLAVA|LAVA|4.0
UTNTLavaLip_tnt04cn_950_0|950|0|193|0|-3200.0|2560.0|-3238.0|2434.0|-3219.0|2497.0|0.0|0.0|0.0|QLAVA|LAVA|4.0
UTNTLavaLip_tnt04cn_951_0|951|0|193|0|-3200.0|2048.0|-3250.0|1994.0|-3225.0|2021.0|0.0|0.0|0.0|QLAVA|LAVA|4.0
UTNTLavaLip_tnt04cn_952_0|952|0|193|0|-3328.0|1792.0|-3412.0|1851.0|-3370.0|1821.5|0.0|0.0|0.0|QLAVA|LAVA|4.0
UTNTLavaLip_tnt04cn_953_0|953|0|193|0|-3712.0|1920.0|-3765.0|1970.0|-3738.5|1945.0|0.0|0.0|0.0|QLAVA|LAVA|4.0
UTNTLavaLip_tnt04cn_954_0|954|0|193|0|-3968.0|2048.0|-4059.0|1972.0|-4013.5|2010.0|0.0|0.0|0.0|QLAVA|LAVA|4.0
UTNTLavaLip_tnt04cn_955_0|955|0|193|0|-4224.0|1664.0|-4199.0|1519.0|-4211.5|1591.5|0.0|0.0|0.0|QLAVA|LAVA|4.0
UTNTLavaLip_tnt04cn_956_0|956|0|193|0|-3968.0|1152.0|-3914.0|1101.0|-3941.0|1126.5|0.0|0.0|0.0|QLAVA|LAVA|4.0
UTNTLavaLip_tnt04cn_957_0|957|0|193|0|-3712.0|1024.0|-3822.0|886.0|-3767.0|955.0|0.0|0.0|0.0|QLAVA|LAVA|4.0
UTNTLavaLip_tnt04cn_958_0|958|0|193|0|-3968.0|384.0|-4006.0|258.0|-3987.0|321.0|0.0|0.0|0.0|QLAVA|LAVA|4.0
UTNTLavaLip_tnt04cn_959_0|959|0|193|0|-3968.0|-128.0|-4003.0|-357.0|-3985.5|-242.5|0.0|0.0|0.0|QLAVA|LAVA|4.0
UTNTLavaLip_tnt04cn_960_0|960|0|193|0|-3840.0|-1024.0|-3921.0|-1067.0|-3880.5|-1045.5|0.0|0.0|0.0|QLAVA|LAVA|4.0
UTNTLavaLip_tnt04cn_961_0|961|0|193|0|-4096.0|-1280.0|-4124.0|-1374.0|-4110.0|-1327.0|0.0|0.0|0.0|QLAVA|LAVA|4.0
UTNTLavaLip_tnt04cn_962_0|962|0|193|0|-4096.0|-1664.0|-4033.0|-1683.0|-4064.5|-1673.5|0.0|0.0|0.0|QLAVA|LAVA|4.0
UTNTLavaLip_tnt04cn_963_0|963|0|193|0|-3840.0|-1664.0|-3827.0|-1736.0|-3833.5|-1700.0|0.0|0.0|0.0|QLAVA|LAVA|4.0
UTNTLavaLip_tnt04cn_964_0|964|0|193|0|-3712.0|-1920.0|-3709.0|-2023.0|-3710.5|-1971.5|0.0|0.0|0.0|QLAVA|LAVA|4.0
UTNTLavaLip_tnt04cn_965_0|965|0|193|0|-3584.0|-2304.0|-3656.0|-2316.0|-3620.0|-2310.0|0.0|0.0|0.0|QLAVA|LAVA|4.0
UTNTLavaLip_tnt04cn_966_0|966|0|193|0|-3840.0|-2432.0|-3962.0|-2497.0|-3901.0|-2464.5|0.0|0.0|0.0|QLAVA|LAVA|4.0
UTNTLavaLip_tnt04cn_967_0|967|0|193|0|-4224.0|-2816.0|-4158.0|-2938.0|-4191.0|-2877.0|0.0|0.0|0.0|QLAVA|LAVA|4.0
UTNTLavaLip_tnt04cn_968_0|968|0|193|0|-3840.0|-3200.0|-3724.0|-3269.0|-3782.0|-3234.5|0.0|0.0|0.0|QLAVA|LAVA|4.0
UTNTLavaLip_tnt04cn_969_0|969|0|193|0|-3328.0|-3328.0|-3337.0|-3359.0|-3332.5|-3343.5|0.0|0.0|0.0|QLAVA|LAVA|4.0
UTNTLavaLip_tnt04cn_1037_0|1037|0|193|0|-243.0|2904.0|-638.0|2898.0|-440.5|2901.0|0.0|0.0|0.0|QLAVA|LAVA|4.0
UTNTLavaLip_tnt04cn_1038_0|1038|0|193|0|-638.0|2898.0|-1024.0|2816.0|-831.0|2857.0|0.0|0.0|0.0|QLAVA|LAVA|4.0
UTNTLavaLip_tnt04cn_1039_0|1039|0|193|0|1468.0|2879.0|1139.0|2879.0|1303.5|2879.0|0.0|0.0|0.0|QLAVA|LAVA|4.0
UTNTLavaLip_tnt04cn_1040_0|1040|0|193|0|1139.0|2879.0|816.0|2814.0|977.5|2846.5|0.0|0.0|0.0|QLAVA|LAVA|4.0
UTNTLavaLip_tnt04cn_1041_0|1041|0|193|0|816.0|2814.0|512.0|2688.0|664.0|2751.0|0.0|0.0|0.0|QLAVA|LAVA|4.0
UTNTLavaLip_tnt04cn_1042_0|1042|0|193|0|2294.0|2670.0|2137.0|2751.0|2215.5|2710.5|0.0|0.0|0.0|QLAVA|LAVA|4.0
UTNTLavaLip_tnt04cn_1043_0|1043|0|193|0|2137.0|2751.0|1967.0|2800.0|2052.0|2775.5|0.0|0.0|0.0|QLAVA|LAVA|4.0
UTNTLavaLip_tnt04cn_1044_0|1044|0|193|0|1967.0|2800.0|1792.0|2816.0|1879.5|2808.0|0.0|0.0|0.0|QLAVA|LAVA|4.0
UTNTLavaLip_tnt04cn_1045_0|1045|0|193|0|145.0|2833.0|-243.0|2904.0|-49.0|2868.5|0.0|0.0|0.0|QLAVA|LAVA|4.0
UTNTLavaLip_tnt04cn_1046_0|1046|0|193|0|3748.0|2228.0|3673.0|2137.0|3710.5|2182.5|0.0|0.0|0.0|QLAVA|LAVA|4.0
UTNTLavaLip_tnt04cn_1047_0|1047|0|193|0|3618.0|2033.0|3584.0|1920.0|3601.0|1976.5|0.0|0.0|0.0|QLAVA|LAVA|4.0
UTNTLavaLip_tnt04cn_1048_0|1048|0|193|0|3552.0|1929.0|3520.0|1932.0|3536.0|1930.5|0.0|0.0|0.0|QLAVA|LAVA|4.0
UTNTLavaLip_tnt04cn_1049_0|1049|0|193|0|3520.0|1932.0|3487.0|1929.0|3503.5|1930.5|0.0|0.0|0.0|QLAVA|LAVA|4.0
UTNTLavaLip_tnt04cn_1050_0|1050|0|193|0|3487.0|1929.0|3456.0|1920.0|3471.5|1924.5|0.0|0.0|0.0|QLAVA|LAVA|4.0
UTNTLavaLip_tnt04cn_1051_0|1051|0|193|0|3431.0|2064.0|3378.0|2201.0|3404.5|2132.5|0.0|0.0|0.0|QLAVA|LAVA|4.0
UTNTLavaLip_tnt04cn_1052_0|1052|0|193|0|3378.0|2201.0|3300.0|2325.0|3339.0|2263.0|0.0|0.0|0.0|QLAVA|LAVA|4.0
UTNTLavaLip_tnt04cn_1053_0|1053|0|193|0|3300.0|2325.0|3200.0|2432.0|3250.0|2378.5|0.0|0.0|0.0|QLAVA|LAVA|4.0
UTNTLavaLip_tnt04cn_1054_0|1054|0|193|0|3673.0|2137.0|3618.0|2033.0|3645.5|2085.0|0.0|0.0|0.0|QLAVA|LAVA|4.0
UTNTLavaLip_tnt04cn_1055_0|1055|0|193|0|-3337.0|-3359.0|-3340.0|-3392.0|-3338.5|-3375.5|0.0|0.0|0.0|QLAVA|LAVA|4.0
UTNTLavaLip_tnt04cn_1056_0|1056|0|193|0|-3337.0|-3424.0|-3328.0|-3456.0|-3332.5|-3440.0|0.0|0.0|0.0|QLAVA|LAVA|4.0
UTNTLavaLip_tnt04cn_1057_0|1057|0|193|0|-3724.0|-3269.0|-3596.0|-3314.0|-3660.0|-3291.5|0.0|0.0|0.0|QLAVA|LAVA|4.0
UTNTLavaLip_tnt04cn_1058_0|1058|0|193|0|-3596.0|-3314.0|-3463.0|-3334.0|-3529.5|-3324.0|0.0|0.0|0.0|QLAVA|LAVA|4.0
UTNTLavaLip_tnt04cn_1059_0|1059|0|193|0|-3463.0|-3334.0|-3328.0|-3328.0|-3395.5|-3331.0|0.0|0.0|0.0|QLAVA|LAVA|4.0
UTNTLavaLip_tnt04cn_1060_0|1060|0|193|0|-4158.0|-2938.0|-4070.0|-3046.0|-4114.0|-2992.0|0.0|0.0|0.0|QLAVA|LAVA|4.0
UTNTLavaLip_tnt04cn_1061_0|1061|0|193|0|-4070.0|-3046.0|-3962.0|-3134.0|-4016.0|-3090.0|0.0|0.0|0.0|QLAVA|LAVA|4.0
UTNTLavaLip_tnt04cn_1062_0|1062|0|193|0|-3962.0|-3134.0|-3840.0|-3200.0|-3901.0|-3167.0|0.0|0.0|0.0|QLAVA|LAVA|4.0
UTNTLavaLip_tnt04cn_1063_0|1063|0|193|0|-3340.0|-3392.0|-3337.0|-3424.0|-3338.5|-3408.0|0.0|0.0|0.0|QLAVA|LAVA|4.0
UTNTLavaLip_tnt04cn_1064_0|1064|0|193|0|-3962.0|-2497.0|-4070.0|-2585.0|-4016.0|-2541.0|0.0|0.0|0.0|QLAVA|LAVA|4.0
UTNTLavaLip_tnt04cn_1065_0|1065|0|193|0|-4158.0|-2693.0|-4224.0|-2816.0|-4191.0|-2754.5|0.0|0.0|0.0|QLAVA|LAVA|4.0
UTNTLavaLip_tnt04cn_1066_0|1066|0|193|0|-3656.0|-2316.0|-3724.0|-2342.0|-3690.0|-2329.0|0.0|0.0|0.0|QLAVA|LAVA|4.0
UTNTLavaLip_tnt04cn_1067_0|1067|0|193|0|-3724.0|-2342.0|-3786.0|-2381.0|-3755.0|-2361.5|0.0|0.0|0.0|QLAVA|LAVA|4.0
UTNTLavaLip_tnt04cn_1068_0|1068|0|193|0|-3786.0|-2381.0|-3840.0|-2432.0|-3813.0|-2406.5|0.0|0.0|0.0|QLAVA|LAVA|4.0
UTNTLavaLip_tnt04cn_1069_0|1069|0|193|0|-3709.0|-2023.0|-3686.0|-2124.0|-3697.5|-2073.5|0.0|0.0|0.0|QLAVA|LAVA|4.0
UTNTLavaLip_tnt04cn_1070_0|1070|0|193|0|-3686.0|-2124.0|-3643.0|-2219.0|-3664.5|-2171.5|0.0|0.0|0.0|QLAVA|LAVA|4.0
UTNTLavaLip_tnt04cn_1071_0|1071|0|193|0|-3643.0|-2219.0|-3584.0|-2304.0|-3613.5|-2261.5|0.0|0.0|0.0|QLAVA|LAVA|4.0
UTNTLavaLip_tnt04cn_1072_0|1072|0|193|0|-4070.0|-2585.0|-4158.0|-2693.0|-4114.0|-2639.0|0.0|0.0|0.0|QLAVA|LAVA|4.0
UTNTLavaLip_tnt04cn_1073_0|1073|0|216|0|-4096.0|2816.0|-4160.0|2798.0|-4128.0|2807.0|0.0|0.0|0.0|QLAVA|LAVA|4.0
UTNTLavaLip_tnt04cn_1074_0|1074|0|216|0|-3840.0|2816.0|-3857.0|2880.0|-3848.5|2848.0|0.0|0.0|0.0|QLAVA|LAVA|4.0
UTNTLavaLip_tnt04cn_1075_0|1075|0|193|0|-4052.0|-1198.0|-4096.0|-1280.0|-4074.0|-1239.0|0.0|0.0|0.0|QLAVA|LAVA|4.0
UTNTLavaLip_tnt04cn_1076_0|1076|0|193|0|-3921.0|-1067.0|-3993.0|-1126.0|-3957.0|-1096.5|0.0|0.0|0.0|QLAVA|LAVA|4.0
UTNTLavaLip_tnt04cn_1077_0|1077|0|193|0|-3993.0|-1126.0|-4052.0|-1198.0|-4022.5|-1162.0|0.0|0.0|0.0|QLAVA|LAVA|4.0
UTNTLavaLip_tnt04cn_1078_0|1078|0|216|0|-3840.0|2560.0|-3776.0|2577.0|-3808.0|2568.5|0.0|0.0|0.0|QLAVA|LAVA|4.0
UTNTLavaLip_tnt04cn_1079_0|1079|0|216|0|-4096.0|2560.0|-4078.0|2496.0|-4087.0|2528.0|0.0|0.0|0.0|QLAVA|LAVA|4.0
UTNTLavaLip_tnt04cn_1080_0|1080|0|193|0|-4003.0|-357.0|-3993.0|-588.0|-3998.0|-472.5|0.0|0.0|0.0|QLAVA|LAVA|4.0
UTNTLavaLip_tnt04cn_1081_0|1081|0|193|0|-3993.0|-588.0|-3937.0|-813.0|-3965.0|-700.5|0.0|0.0|0.0|QLAVA|LAVA|4.0
UTNTLavaLip_tnt04cn_1083_0|1083|0|193|0|-3827.0|-1736.0|-3801.0|-1804.0|-3814.0|-1770.0|0.0|0.0|0.0|QLAVA|LAVA|4.0
UTNTLavaLip_tnt04cn_1084_0|1084|0|193|0|-3762.0|-1866.0|-3712.0|-1920.0|-3737.0|-1893.0|0.0|0.0|0.0|QLAVA|LAVA|4.0
UTNTLavaLip_tnt04cn_1085_0|1085|0|193|0|-4033.0|-1683.0|-3968.0|-1689.0|-4000.5|-1686.0|0.0|0.0|0.0|QLAVA|LAVA|4.0
UTNTLavaLip_tnt04cn_1086_0|1086|0|193|0|-3968.0|-1689.0|-3902.0|-1683.0|-3935.0|-1686.0|0.0|0.0|0.0|QLAVA|LAVA|4.0
UTNTLavaLip_tnt04cn_1087_0|1087|0|193|0|-3902.0|-1683.0|-3840.0|-1664.0|-3871.0|-1673.5|0.0|0.0|0.0|QLAVA|LAVA|4.0
UTNTLavaLip_tnt04cn_1088_0|1088|0|193|0|-4124.0|-1374.0|-4134.0|-1472.0|-4129.0|-1423.0|0.0|0.0|0.0|QLAVA|LAVA|4.0
UTNTLavaLip_tnt04cn_1089_0|1089|0|193|0|-4134.0|-1472.0|-4124.0|-1569.0|-4129.0|-1520.5|0.0|0.0|0.0|QLAVA|LAVA|4.0
UTNTLavaLip_tnt04cn_1090_0|1090|0|193|0|-4124.0|-1569.0|-4096.0|-1664.0|-4110.0|-1616.5|0.0|0.0|0.0|QLAVA|LAVA|4.0
UTNTLavaLip_tnt04cn_1091_0|1091|0|193|0|-3801.0|-1804.0|-3762.0|-1866.0|-3781.5|-1835.0|0.0|0.0|0.0|QLAVA|LAVA|4.0
UTNTLavaLip_tnt04cn_1092_0|1092|0|193|0|-3240.0|-3562.0|-3200.0|-3584.0|-3220.0|-3573.0|0.0|0.0|0.0|QLAVA|LAVA|4.0
UTNTLavaLip_tnt04cn_1093_0|1093|0|193|0|-3276.0|-3532.0|-3240.0|-3562.0|-3258.0|-3547.0|0.0|0.0|0.0|QLAVA|LAVA|4.0
UTNTLavaLip_tnt04cn_1094_0|1094|0|193|0|-3306.0|-3496.0|-3276.0|-3532.0|-3291.0|-3514.0|0.0|0.0|0.0|QLAVA|LAVA|4.0
UTNTLavaLip_tnt04cn_1095_0|1095|0|193|0|-3219.0|-3777.0|-3200.0|-3840.0|-3209.5|-3808.5|0.0|0.0|0.0|QLAVA|LAVA|4.0
UTNTLavaLip_tnt04cn_1096_0|1096|0|193|0|-3225.0|-3712.0|-3219.0|-3777.0|-3222.0|-3744.5|0.0|0.0|0.0|QLAVA|LAVA|4.0
UTNTLavaLip_tnt04cn_1097_0|1097|0|193|0|-3219.0|-3646.0|-3225.0|-3712.0|-3222.0|-3679.0|0.0|0.0|0.0|QLAVA|LAVA|4.0
UTNTLavaLip_tnt04cn_1098_0|1098|0|193|0|-3325.0|-4120.0|-3328.0|-4224.0|-3326.5|-4172.0|0.0|0.0|0.0|QLAVA|LAVA|4.0
UTNTLavaLip_tnt04cn_1099_0|1099|0|193|0|-3302.0|-4019.0|-3325.0|-4120.0|-3313.5|-4069.5|0.0|0.0|0.0|QLAVA|LAVA|4.0
UTNTLavaLip_tnt04cn_1100_0|1100|0|193|0|-3259.0|-3924.0|-3302.0|-4019.0|-3280.5|-3971.5|0.0|0.0|0.0|QLAVA|LAVA|4.0
UTNTLavaLip_tnt04cn_1102_0|1102|0|193|0|-3314.0|-4492.0|-3269.0|-4620.0|-3291.5|-4556.0|0.0|0.0|0.0|QLAVA|LAVA|4.0
UTNTLavaLip_tnt04cn_1103_0|1103|0|193|0|-3334.0|-4359.0|-3314.0|-4492.0|-3324.0|-4425.5|0.0|0.0|0.0|QLAVA|LAVA|4.0
UTNTLavaLip_tnt04cn_1104_0|1104|0|193|0|-2938.0|-5054.0|-2816.0|-5120.0|-2877.0|-5087.0|0.0|0.0|0.0|QLAVA|LAVA|4.0
UTNTLavaLip_tnt04cn_1105_0|1105|0|193|0|-3070.0|-4974.0|-2938.0|-5054.0|-3004.0|-5014.0|0.0|0.0|0.0|QLAVA|LAVA|4.0
UTNTLavaLip_tnt04cn_1106_0|1106|0|193|0|-3158.0|-4866.0|-3070.0|-4974.0|-3114.0|-4920.0|0.0|0.0|0.0|QLAVA|LAVA|4.0
UTNTLavaLip_tnt04cn_1107_0|1107|0|193|0|-2429.0|-5158.0|-2304.0|-5120.0|-2366.5|-5139.0|0.0|0.0|0.0|QLAVA|LAVA|4.0
UTNTLavaLip_tnt04cn_1108_0|1108|0|193|0|-2560.0|-5170.0|-2429.0|-5158.0|-2494.5|-5164.0|0.0|0.0|0.0|QLAVA|LAVA|4.0
UTNTLavaLip_tnt04cn_1109_0|1109|0|193|0|-2690.0|-5158.0|-2560.0|-5170.0|-2625.0|-5164.0|0.0|0.0|0.0|QLAVA|LAVA|4.0
UTNTLavaLip_tnt04cn_1110_0|1110|0|193|0|-1820.0|-5167.0|-1664.0|-5120.0|-1742.0|-5143.5|0.0|0.0|0.0|QLAVA|LAVA|4.0
UTNTLavaLip_tnt04cn_1111_0|1111|0|193|0|-1984.0|-5183.0|-1820.0|-5167.0|-1902.0|-5175.0|0.0|0.0|0.0|QLAVA|LAVA|4.0
UTNTLavaLip_tnt04cn_1112_0|1112|0|193|0|-2147.0|-5167.0|-1984.0|-5183.0|-2065.5|-5175.0|0.0|0.0|0.0|QLAVA|LAVA|4.0
UTNTLavaLip_tnt04cn_1113_0|1113|0|193|0|-1456.0|-4760.0|-1432.0|-4616.0|-1444.0|-4688.0|0.0|0.0|0.0|QLAVA|LAVA|4.0
UTNTLavaLip_tnt04cn_1114_0|1114|0|193|0|-1509.0|-4897.0|-1456.0|-4760.0|-1482.5|-4828.5|0.0|0.0|0.0|QLAVA|LAVA|4.0
UTNTLavaLip_tnt04cn_1115_0|1115|0|193|0|-1587.0|-5021.0|-1509.0|-4897.0|-1548.0|-4959.0|0.0|0.0|0.0|QLAVA|LAVA|4.0
UTNTLavaLip_tnt04cn_1116_0|1116|0|193|0|-992.0|-4356.0|-896.0|-4224.0|-944.0|-4290.0|0.0|0.0|0.0|QLAVA|LAVA|4.0
UTNTLavaLip_tnt04cn_1117_0|1117|0|193|0|-1113.0|-4466.0|-992.0|-4356.0|-1052.5|-4411.0|0.0|0.0|0.0|QLAVA|LAVA|4.0
UTNTLavaLip_tnt04cn_1118_0|1118|0|193|0|-1253.0|-4551.0|-1113.0|-4466.0|-1183.0|-4508.5|0.0|0.0|0.0|QLAVA|LAVA|4.0
UTNTLavaLip_tnt04cn_1119_0|1119|0|193|0|-712.0|-4339.0|-640.0|-4352.0|-676.0|-4345.5|0.0|0.0|0.0|QLAVA|LAVA|4.0
UTNTLavaLip_tnt04cn_1120_0|1120|0|193|0|-780.0|-4313.0|-712.0|-4339.0|-746.0|-4326.0|0.0|0.0|0.0|QLAVA|LAVA|4.0
UTNTLavaLip_tnt04cn_1121_0|1121|0|193|0|-842.0|-4274.0|-780.0|-4313.0|-811.0|-4293.5|0.0|0.0|0.0|QLAVA|LAVA|4.0
UTNTLavaLip_tnt04cn_1122_0|1122|0|193|0|-475.0|-4660.0|-384.0|-4736.0|-429.5|-4698.0|0.0|0.0|0.0|QLAVA|LAVA|4.0
UTNTLavaLip_tnt04cn_1123_0|1123|0|193|0|-550.0|-4569.0|-475.0|-4660.0|-512.5|-4614.5|0.0|0.0|0.0|QLAVA|LAVA|4.0
UTNTLavaLip_tnt04cn_1124_0|1124|0|193|0|-605.0|-4465.0|-550.0|-4569.0|-577.5|-4517.0|0.0|0.0|0.0|QLAVA|LAVA|4.0
UTNTLavaLip_tnt04cn_1125_0|1125|0|193|0|-75.0|-4571.0|0.0|-4480.0|-37.5|-4525.5|0.0|0.0|0.0|QLAVA|LAVA|4.0
UTNTLavaLip_tnt04cn_1126_0|1126|0|193|0|-166.0|-4646.0|-75.0|-4571.0|-120.5|-4608.5|0.0|0.0|0.0|QLAVA|LAVA|4.0
UTNTLavaLip_tnt04cn_1127_0|1127|0|193|0|-270.0|-4701.0|-166.0|-4646.0|-218.0|-4673.5|0.0|0.0|0.0|QLAVA|LAVA|4.0
UTNTLavaLip_tnt04cn_1128_0|1128|0|193|0|125.0|-4199.0|128.0|-4096.0|126.5|-4147.5|0.0|0.0|0.0|QLAVA|LAVA|4.0
UTNTLavaLip_tnt04cn_1129_0|1129|0|193|0|102.0|-4300.0|125.0|-4199.0|113.5|-4249.5|0.0|0.0|0.0|QLAVA|LAVA|4.0
UTNTLavaLip_tnt04cn_1130_0|1130|0|193|0|59.0|-4395.0|102.0|-4300.0|80.5|-4347.5|0.0|0.0|0.0|QLAVA|LAVA|4.0
UTNTLavaLip_tnt04cn_1131_0|1131|0|193|0|514.0|-4134.0|640.0|-4096.0|577.0|-4115.0|0.0|0.0|0.0|QLAVA|LAVA|4.0
UTNTLavaLip_tnt04cn_1132_0|1132|0|193|0|383.0|-4146.0|514.0|-4134.0|448.5|-4140.0|0.0|0.0|0.0|QLAVA|LAVA|4.0
UTNTLavaLip_tnt04cn_1133_0|1133|0|193|0|253.0|-4134.0|383.0|-4146.0|318.0|-4140.0|0.0|0.0|0.0|QLAVA|LAVA|4.0
UTNTLavaLip_tnt04cn_1134_0|1134|0|193|0|920.0|-4221.0|1024.0|-4224.0|972.0|-4222.5|0.0|0.0|0.0|QLAVA|LAVA|4.0
UTNTLavaLip_tnt04cn_1135_0|1135|0|193|0|819.0|-4198.0|920.0|-4221.0|869.5|-4209.5|0.0|0.0|0.0|QLAVA|LAVA|4.0
UTNTLavaLip_tnt04cn_1136_0|1136|0|193|0|724.0|-4155.0|819.0|-4198.0|771.5|-4176.5|0.0|0.0|0.0|QLAVA|LAVA|4.0
UTNTLavaLip_tnt04cn_1137_0|1137|0|193|0|1497.0|-4368.0|1664.0|-4352.0|1580.5|-4360.0|0.0|0.0|0.0|QLAVA|LAVA|4.0
UTNTLavaLip_tnt04cn_1138_0|1138|0|193|0|1331.0|-4351.0|1497.0|-4368.0|1414.0|-4359.5|0.0|0.0|0.0|QLAVA|LAVA|4.0
UTNTLavaLip_tnt04cn_1139_0|1139|0|193|0|1171.0|-4302.0|1331.0|-4351.0|1251.0|-4326.5|0.0|0.0|0.0|QLAVA|LAVA|4.0
UTNTLavaLip_tnt04cn_1140_0|1140|0|193|0|2069.0|-4196.0|2176.0|-4096.0|2122.5|-4146.0|0.0|0.0|0.0|QLAVA|LAVA|4.0
UTNTLavaLip_tnt04cn_1141_0|1141|0|193|0|1945.0|-4274.0|2069.0|-4196.0|2007.0|-4235.0|0.0|0.0|0.0|QLAVA|LAVA|4.0
UTNTLavaLip_tnt04cn_1142_0|1142|0|193|0|1808.0|-4327.0|1945.0|-4274.0|1876.5|-4300.5|0.0|0.0|0.0|QLAVA|LAVA|4.0
UTNTLavaLip_tnt04cn_1143_0|1143|0|193|0|2755.0|-4153.0|2944.0|-4096.0|2849.5|-4124.5|0.0|0.0|0.0|QLAVA|LAVA|4.0
UTNTLavaLip_tnt04cn_1144_0|1144|0|193|0|2560.0|-4172.0|2755.0|-4153.0|2657.5|-4162.5|0.0|0.0|0.0|QLAVA|LAVA|4.0
UTNTLavaLip_tnt04cn_1145_0|1145|0|193|0|2364.0|-4153.0|2560.0|-4172.0|2462.0|-4162.5|0.0|0.0|0.0|QLAVA|LAVA|4.0
UTNTLavaLip_tnt04cn_1146_0|1146|0|193|0|3118.0|-4308.0|3200.0|-4352.0|3159.0|-4330.0|0.0|0.0|0.0|QLAVA|LAVA|4.0
UTNTLavaLip_tnt04cn_1147_0|1147|0|193|0|3046.0|-4249.0|3118.0|-4308.0|3082.0|-4278.5|0.0|0.0|0.0|QLAVA|LAVA|4.0
UTNTLavaLip_tnt04cn_1148_0|1148|0|193|0|2987.0|-4177.0|3046.0|-4249.0|3016.5|-4213.0|0.0|0.0|0.0|QLAVA|LAVA|4.0
UTNTLavaLip_tnt04cn_1149_0|1149|0|193|0|3258.0|-4748.0|3328.0|-4864.0|3293.0|-4806.0|0.0|0.0|0.0|QLAVA|LAVA|4.0
UTNTLavaLip_tnt04cn_1150_0|1150|0|193|0|3213.0|-4620.0|3258.0|-4748.0|3235.5|-4684.0|0.0|0.0|0.0|QLAVA|LAVA|4.0
UTNTLavaLip_tnt04cn_1151_0|1151|0|193|0|3193.0|-4487.0|3213.0|-4620.0|3203.0|-4553.5|0.0|0.0|0.0|QLAVA|LAVA|4.0
UTNTLavaLip_tnt04cn_1152_0|1152|0|193|0|3608.0|-4989.0|3712.0|-4992.0|3660.0|-4990.5|0.0|0.0|0.0|QLAVA|LAVA|4.0
UTNTLavaLip_tnt04cn_1153_0|1153|0|193|0|3507.0|-4966.0|3608.0|-4989.0|3557.5|-4977.5|0.0|0.0|0.0|QLAVA|LAVA|4.0
UTNTLavaLip_tnt04cn_1154_0|1154|0|193|0|3412.0|-4923.0|3507.0|-4966.0|3459.5|-4944.5|0.0|0.0|0.0|QLAVA|LAVA|4.0
UTNTLavaLip_tnt04cn_1155_0|1155|0|193|0|3933.0|-4721.0|3968.0|-4608.0|3950.5|-4664.5|0.0|0.0|0.0|QLAVA|LAVA|4.0
UTNTLavaLip_tnt04cn_1156_0|1156|0|193|0|3878.0|-4825.0|3933.0|-4721.0|3905.5|-4773.0|0.0|0.0|0.0|QLAVA|LAVA|4.0
UTNTLavaLip_tnt04cn_1157_0|1157|0|193|0|3803.0|-4916.0|3878.0|-4825.0|3840.5|-4870.5|0.0|0.0|0.0|QLAVA|LAVA|4.0
UTNTLavaLip_tnt04cn_1158_0|1158|0|193|0|3812.0|-4202.0|3712.0|-4096.0|3762.0|-4149.0|0.0|0.0|0.0|QLAVA|LAVA|4.0
UTNTLavaLip_tnt04cn_1159_0|1159|0|193|0|3890.0|-4326.0|3812.0|-4202.0|3851.0|-4264.0|0.0|0.0|0.0|QLAVA|LAVA|4.0
UTNTLavaLip_tnt04cn_1160_0|1160|0|193|0|3943.0|-4463.0|3890.0|-4326.0|3916.5|-4394.5|0.0|0.0|0.0|QLAVA|LAVA|4.0
UTNTLavaLip_tnt04cn_1161_0|1161|0|193|0|3634.0|-3893.0|3584.0|-3840.0|3609.0|-3866.5|0.0|0.0|0.0|QLAVA|LAVA|4.0
UTNTLavaLip_tnt04cn_1162_0|1162|0|193|0|3673.0|-3955.0|3634.0|-3893.0|3653.5|-3924.0|0.0|0.0|0.0|QLAVA|LAVA|4.0
UTNTLavaLip_tnt04cn_1163_0|1163|0|193|0|3699.0|-4023.0|3673.0|-3955.0|3686.0|-3989.0|0.0|0.0|0.0|QLAVA|LAVA|4.0
UTNTLavaLip_tnt04cn_1164_0|1164|0|193|0|3709.0|-3559.0|3712.0|-3456.0|3710.5|-3507.5|0.0|0.0|0.0|QLAVA|LAVA|4.0
UTNTLavaLip_tnt04cn_1165_0|1165|0|193|0|3686.0|-3660.0|3709.0|-3559.0|3697.5|-3609.5|0.0|0.0|0.0|QLAVA|LAVA|4.0
UTNTLavaLip_tnt04cn_1166_0|1166|0|193|0|3643.0|-3755.0|3686.0|-3660.0|3664.5|-3707.5|0.0|0.0|0.0|QLAVA|LAVA|4.0
UTNTLavaLip_tnt04cn_1167_0|1167|0|193|0|4117.0|-3300.0|4224.0|-3200.0|4170.5|-3250.0|0.0|0.0|0.0|QLAVA|LAVA|4.0
UTNTLavaLip_tnt04cn_1168_0|1168|0|193|0|3993.0|-3378.0|4117.0|-3300.0|4055.0|-3339.0|0.0|0.0|0.0|QLAVA|LAVA|4.0
UTNTLavaLip_tnt04cn_1169_0|1169|0|193|0|3856.0|-3431.0|3993.0|-3378.0|3924.5|-3404.5|0.0|0.0|0.0|QLAVA|LAVA|4.0
UTNTLavaLip_tnt04cn_1170_0|1170|0|193|0|4504.0|-3325.0|4608.0|-3328.0|4556.0|-3326.5|0.0|0.0|0.0|QLAVA|LAVA|4.0
UTNTLavaLip_tnt04cn_1171_0|1171|0|193|0|4403.0|-3302.0|4504.0|-3325.0|4453.5|-3313.5|0.0|0.0|0.0|QLAVA|LAVA|4.0
UTNTLavaLip_tnt04cn_1172_0|1172|0|193|0|4308.0|-3259.0|4403.0|-3302.0|4355.5|-3280.5|0.0|0.0|0.0|QLAVA|LAVA|4.0
UTNTLavaLip_tnt04cn_1173_0|1173|0|193|0|4926.0|-3066.0|4992.0|-2944.0|4959.0|-3005.0|0.0|0.0|0.0|QLAVA|LAVA|4.0
UTNTLavaLip_tnt04cn_1174_0|1174|0|193|0|4838.0|-3174.0|4926.0|-3066.0|4882.0|-3120.0|0.0|0.0|0.0|QLAVA|LAVA|4.0
UTNTLavaLip_tnt04cn_1175_0|1175|0|193|0|4730.0|-3262.0|4838.0|-3174.0|4784.0|-3218.0|0.0|0.0|0.0|QLAVA|LAVA|4.0
UTNTLavaLip_tnt04cn_1176_0|1176|0|193|0|4740.0|-2528.0|4608.0|-2432.0|4674.0|-2480.0|0.0|0.0|0.0|QLAVA|LAVA|4.0
UTNTLavaLip_tnt04cn_1177_0|1177|0|193|0|4850.0|-2649.0|4740.0|-2528.0|4795.0|-2588.5|0.0|0.0|0.0|QLAVA|LAVA|4.0
UTNTLavaLip_tnt04cn_1178_0|1178|0|193|0|4935.0|-2789.0|4850.0|-2649.0|4892.5|-2719.0|0.0|0.0|0.0|QLAVA|LAVA|4.0
UTNTLavaLip_tnt04cn_1179_0|1179|0|193|0|4443.0|-2123.0|4352.0|-2048.0|4397.5|-2085.5|0.0|0.0|0.0|QLAVA|LAVA|4.0
UTNTLavaLip_tnt04cn_1180_0|1180|0|193|0|4518.0|-2214.0|4443.0|-2123.0|4480.5|-2168.5|0.0|0.0|0.0|QLAVA|LAVA|4.0
UTNTLavaLip_tnt04cn_1181_0|1181|0|193|0|4573.0|-2318.0|4518.0|-2214.0|4545.5|-2266.0|0.0|0.0|0.0|QLAVA|LAVA|4.0
UTNTLavaLip_tnt04cn_1182_0|1182|0|193|0|4505.0|-1477.0|4480.0|-1280.0|4492.5|-1378.5|0.0|0.0|0.0|QLAVA|LAVA|4.0
UTNTLavaLip_tnt04cn_1183_0|1183|0|193|0|4492.0|-1676.0|4505.0|-1477.0|4498.5|-1576.5|0.0|0.0|0.0|QLAVA|LAVA|4.0
UTNTLavaLip_tnt04cn_1184_0|1184|0|193|0|4440.0|-1869.0|4492.0|-1676.0|4466.0|-1772.5|0.0|0.0|0.0|QLAVA|LAVA|4.0
UTNTLavaLip_tnt04cn_1185_0|1185|0|193|0|4720.0|-815.0|4736.0|-640.0|4728.0|-727.5|0.0|0.0|0.0|QLAVA|LAVA|4.0
UTNTLavaLip_tnt04cn_1186_0|1186|0|193|0|4671.0|-985.0|4720.0|-815.0|4695.5|-900.0|0.0|0.0|0.0|QLAVA|LAVA|4.0
UTNTLavaLip_tnt04cn_1187_0|1187|0|193|0|4590.0|-1142.0|4671.0|-985.0|4630.5|-1063.5|0.0|0.0|0.0|QLAVA|LAVA|4.0
UTNTLavaLip_tnt04cn_1188_0|1188|0|193|0|4677.0|-243.0|4608.0|-128.0|4642.5|-185.5|0.0|0.0|0.0|QLAVA|LAVA|4.0
UTNTLavaLip_tnt04cn_1189_0|1189|0|193|0|4722.0|-371.0|4677.0|-243.0|4699.5|-307.0|0.0|0.0|0.0|QLAVA|LAVA|4.0
UTNTLavaLip_tnt04cn_1190_0|1190|0|193|0|4742.0|-504.0|4722.0|-371.0|4732.0|-437.5|0.0|0.0|0.0|QLAVA|LAVA|4.0
UTNTLavaLip_tnt04cn_1191_0|1191|0|193|0|4375.0|480.0|4224.0|640.0|4299.5|560.0|0.0|0.0|0.0|QLAVA|LAVA|4.0
UTNTLavaLip_tnt04cn_1192_0|1192|0|193|0|4492.0|294.0|4375.0|480.0|4433.5|387.0|0.0|0.0|0.0|QLAVA|LAVA|4.0
UTNTLavaLip_tnt04cn_1193_0|1193|0|193|0|4570.0|88.0|4492.0|294.0|4531.0|191.0|0.0|0.0|0.0|QLAVA|LAVA|4.0
UTNTLavaLip_tnt04cn_1194_0|1194|0|193|0|4271.0|1123.0|4224.0|1280.0|4247.5|1201.5|0.0|0.0|0.0|QLAVA|LAVA|4.0
UTNTLavaLip_tnt04cn_1195_0|1195|0|193|0|4287.0|960.0|4271.0|1123.0|4279.0|1041.5|0.0|0.0|0.0|QLAVA|LAVA|4.0
UTNTLavaLip_tnt04cn_1196_0|1196|0|193|0|4271.0|796.0|4287.0|960.0|4279.0|878.0|0.0|0.0|0.0|QLAVA|LAVA|4.0
UTNTLavaLip_tnt04cn_1197_0|1197|0|193|0|4339.0|1463.0|4352.0|1536.0|4345.5|1499.5|0.0|0.0|0.0|QLAVA|LAVA|4.0
UTNTLavaLip_tnt04cn_1198_0|1198|0|193|0|4313.0|1395.0|4339.0|1463.0|4326.0|1429.0|0.0|0.0|0.0|QLAVA|LAVA|4.0
UTNTLavaLip_tnt04cn_1199_0|1199|0|193|0|4274.0|1333.0|4313.0|1395.0|4293.5|1364.0|0.0|0.0|0.0|QLAVA|LAVA|4.0
UTNTLavaLip_tnt04cn_1200_0|1200|0|193|0|4679.0|1893.0|4736.0|2048.0|4707.5|1970.5|0.0|0.0|0.0|QLAVA|LAVA|4.0
UTNTLavaLip_tnt04cn_1201_0|1201|0|193|0|4594.0|1753.0|4679.0|1893.0|4636.5|1823.0|0.0|0.0|0.0|QLAVA|LAVA|4.0
UTNTLavaLip_tnt04cn_1202_0|1202|0|193|0|4484.0|1632.0|4594.0|1753.0|4539.0|1692.5|0.0|0.0|0.0|QLAVA|LAVA|4.0
UTNTLavaLip_tnt04cn_1203_0|1203|0|193|0|4667.0|2347.0|4608.0|2432.0|4637.5|2389.5|0.0|0.0|0.0|QLAVA|LAVA|4.0
UTNTLavaLip_tnt04cn_1204_0|1204|0|193|0|4710.0|2252.0|4667.0|2347.0|4688.5|2299.5|0.0|0.0|0.0|QLAVA|LAVA|4.0
UTNTLavaLip_tnt04cn_1205_0|1205|0|193|0|4733.0|2151.0|4710.0|2252.0|4721.5|2201.5|0.0|0.0|0.0|QLAVA|LAVA|4.0
UTNTLavaLip_tnt04cn_1206_0|1206|0|193|0|4327.0|2557.0|4224.0|2560.0|4275.5|2558.5|0.0|0.0|0.0|QLAVA|LAVA|4.0
UTNTLavaLip_tnt04cn_1207_0|1207|0|193|0|4428.0|2534.0|4327.0|2557.0|4377.5|2545.5|0.0|0.0|0.0|QLAVA|LAVA|4.0
UTNTLavaLip_tnt04cn_1208_0|1208|0|193|0|4523.0|2491.0|4428.0|2534.0|4475.5|2512.5|0.0|0.0|0.0|QLAVA|LAVA|4.0
UTNTLavaLip_tnt04cn_1209_0|1209|0|193|0|3915.0|2395.0|3840.0|2304.0|3877.5|2349.5|0.0|0.0|0.0|QLAVA|LAVA|4.0
UTNTLavaLip_tnt04cn_1210_0|1210|0|193|0|4006.0|2470.0|3915.0|2395.0|3960.5|2432.5|0.0|0.0|0.0|QLAVA|LAVA|4.0
UTNTLavaLip_tnt04cn_1211_0|1211|0|193|0|4110.0|2525.0|4006.0|2470.0|4058.0|2497.5|0.0|0.0|0.0|QLAVA|LAVA|4.0
UTNTLavaLip_tnt04cn_1212_0|1212|0|193|0|3025.0|2644.0|2944.0|2688.0|2984.5|2666.0|0.0|0.0|0.0|QLAVA|LAVA|4.0
UTNTLavaLip_tnt04cn_1213_0|1213|0|193|0|3097.0|2585.0|3025.0|2644.0|3061.0|2614.5|0.0|0.0|0.0|QLAVA|LAVA|4.0
UTNTLavaLip_tnt04cn_1214_0|1214|0|193|0|3156.0|2513.0|3097.0|2585.0|3126.5|2549.0|0.0|0.0|0.0|QLAVA|LAVA|4.0
UTNTLavaLip_tnt04cn_1215_0|1215|0|193|0|2547.0|2629.0|2432.0|2560.0|2489.5|2594.5|0.0|0.0|0.0|QLAVA|LAVA|4.0
UTNTLavaLip_tnt04cn_1216_0|1216|0|193|0|2675.0|2674.0|2547.0|2629.0|2611.0|2651.5|0.0|0.0|0.0|QLAVA|LAVA|4.0
UTNTLavaLip_tnt04cn_1217_0|1217|0|193|0|2808.0|2694.0|2675.0|2674.0|2741.5|2684.0|0.0|0.0|0.0|QLAVA|LAVA|4.0
UTNTLavaLip_tnt04cn_1218_0|1218|0|193|0|-1622.0|2679.0|-1792.0|2560.0|-1707.0|2619.5|0.0|0.0|0.0|QLAVA|LAVA|4.0
UTNTLavaLip_tnt04cn_1219_0|1219|0|193|0|-1433.0|2764.0|-1622.0|2679.0|-1527.5|2721.5|0.0|0.0|0.0|QLAVA|LAVA|4.0
UTNTLavaLip_tnt04cn_1220_0|1220|0|193|0|-1231.0|2810.0|-1433.0|2764.0|-1332.0|2787.0|0.0|0.0|0.0|QLAVA|LAVA|4.0
UTNTLavaLip_tnt04cn_1221_0|1221|0|193|0|-2265.0|2704.0|-2432.0|2688.0|-2348.5|2696.0|0.0|0.0|0.0|QLAVA|LAVA|4.0
UTNTLavaLip_tnt04cn_1222_0|1222|0|193|0|-2099.0|2687.0|-2265.0|2704.0|-2182.0|2695.5|0.0|0.0|0.0|QLAVA|LAVA|4.0
UTNTLavaLip_tnt04cn_1223_0|1223|0|193|0|-1939.0|2638.0|-2099.0|2687.0|-2019.0|2662.5|0.0|0.0|0.0|QLAVA|LAVA|4.0
UTNTLavaLip_tnt04cn_1224_0|1224|0|193|0|-2721.0|2716.0|-2816.0|2688.0|-2768.5|2702.0|0.0|0.0|0.0|QLAVA|LAVA|4.0
UTNTLavaLip_tnt04cn_1225_0|1225|0|193|0|-2624.0|2726.0|-2721.0|2716.0|-2672.5|2721.0|0.0|0.0|0.0|QLAVA|LAVA|4.0
UTNTLavaLip_tnt04cn_1226_0|1226|0|193|0|-2526.0|2716.0|-2624.0|2726.0|-2575.0|2721.0|0.0|0.0|0.0|QLAVA|LAVA|4.0
UTNTLavaLip_tnt04cn_1227_0|1227|0|193|0|-3115.0|2619.0|-3200.0|2560.0|-3157.5|2589.5|0.0|0.0|0.0|QLAVA|LAVA|4.0
UTNTLavaLip_tnt04cn_1228_0|1228|0|193|0|-3020.0|2662.0|-3115.0|2619.0|-3067.5|2640.5|0.0|0.0|0.0|QLAVA|LAVA|4.0
UTNTLavaLip_tnt04cn_1229_0|1229|0|193|0|-2919.0|2685.0|-3020.0|2662.0|-2969.5|2673.5|0.0|0.0|0.0|QLAVA|LAVA|4.0
UTNTLavaLip_tnt04cn_1230_0|1230|0|193|0|-3238.0|2173.0|-3200.0|2048.0|-3219.0|2110.5|0.0|0.0|0.0|QLAVA|LAVA|4.0
UTNTLavaLip_tnt04cn_1231_0|1231|0|193|0|-3250.0|2304.0|-3238.0|2173.0|-3244.0|2238.5|0.0|0.0|0.0|QLAVA|LAVA|4.0
UTNTLavaLip_tnt04cn_1232_0|1232|0|193|0|-3238.0|2434.0|-3250.0|2304.0|-3244.0|2369.0|0.0|0.0|0.0|QLAVA|LAVA|4.0
UTNTLavaLip_tnt04cn_1233_0|1233|0|193|0|-3315.0|1864.0|-3328.0|1792.0|-3321.5|1828.0|0.0|0.0|0.0|QLAVA|LAVA|4.0
UTNTLavaLip_tnt04cn_1234_0|1234|0|193|0|-3289.0|1932.0|-3315.0|1864.0|-3302.0|1898.0|0.0|0.0|0.0|QLAVA|LAVA|4.0
UTNTLavaLip_tnt04cn_1235_0|1235|0|193|0|-3250.0|1994.0|-3289.0|1932.0|-3269.5|1963.0|0.0|0.0|0.0|QLAVA|LAVA|4.0
UTNTLavaLip_tnt04cn_1236_0|1236|0|193|0|-3608.0|1917.0|-3712.0|1920.0|-3660.0|1918.5|0.0|0.0|0.0|QLAVA|LAVA|4.0
UTNTLavaLip_tnt04cn_1237_0|1237|0|193|0|-3507.0|1894.0|-3608.0|1917.0|-3557.5|1905.5|0.0|0.0|0.0|QLAVA|LAVA|4.0
UTNTLavaLip_tnt04cn_1238_0|1238|0|193|0|-3412.0|1851.0|-3507.0|1894.0|-3459.5|1872.5|0.0|0.0|0.0|QLAVA|LAVA|4.0
UTNTLavaLip_tnt04cn_1239_0|1239|0|193|0|-3895.0|2035.0|-3968.0|2048.0|-3931.5|2041.5|0.0|0.0|0.0|QLAVA|LAVA|4.0
UTNTLavaLip_tnt04cn_1240_0|1240|0|193|0|-3827.0|2009.0|-3895.0|2035.0|-3861.0|2022.0|0.0|0.0|0.0|QLAVA|LAVA|4.0
UTNTLavaLip_tnt04cn_1241_0|1241|0|193|0|-3765.0|1970.0|-3827.0|2009.0|-3796.0|1989.5|0.0|0.0|0.0|QLAVA|LAVA|4.0
UTNTLavaLip_tnt04cn_1242_0|1242|0|193|0|-4189.0|1777.0|-4224.0|1664.0|-4206.5|1720.5|0.0|0.0|0.0|QLAVA|LAVA|4.0
UTNTLavaLip_tnt04cn_1243_0|1243|0|193|0|-4134.0|1881.0|-4189.0|1777.0|-4161.5|1829.0|0.0|0.0|0.0|QLAVA|LAVA|4.0
UTNTLavaLip_tnt04cn_1244_0|1244|0|193|0|-4059.0|1972.0|-4134.0|1881.0|-4096.5|1926.5|0.0|0.0|0.0|QLAVA|LAVA|4.0
UTNTLavaLip_tnt04cn_1245_0|1245|0|193|0|-4068.0|1258.0|-3968.0|1152.0|-4018.0|1205.0|0.0|0.0|0.0|QLAVA|LAVA|4.0
UTNTLavaLip_tnt04cn_1246_0|1246|0|193|0|-4146.0|1382.0|-4068.0|1258.0|-4107.0|1320.0|0.0|0.0|0.0|QLAVA|LAVA|4.0
UTNTLavaLip_tnt04cn_1247_0|1247|0|193|0|-4199.0|1519.0|-4146.0|1382.0|-4172.5|1450.5|0.0|0.0|0.0|QLAVA|LAVA|4.0
UTNTLavaLip_tnt04cn_1248_0|1248|0|193|0|-3784.0|1036.0|-3712.0|1024.0|-3748.0|1030.0|0.0|0.0|0.0|QLAVA|LAVA|4.0
UTNTLavaLip_tnt04cn_1249_0|1249|0|193|0|-3852.0|1062.0|-3784.0|1036.0|-3818.0|1049.0|0.0|0.0|0.0|QLAVA|LAVA|4.0
UTNTLavaLip_tnt04cn_1250_0|1250|0|193|0|-3914.0|1101.0|-3852.0|1062.0|-3883.0|1081.5|0.0|0.0|0.0|QLAVA|LAVA|4.0
UTNTLavaLip_tnt04cn_1251_0|1251|0|193|0|-3952.0|559.0|-3968.0|384.0|-3960.0|471.5|0.0|0.0|0.0|QLAVA|LAVA|4.0
UTNTLavaLip_tnt04cn_1252_0|1252|0|193|0|-3903.0|729.0|-3952.0|559.0|-3927.5|644.0|0.0|0.0|0.0|QLAVA|LAVA|4.0
UTNTLavaLip_tnt04cn_1253_0|1253|0|193|0|-3822.0|886.0|-3903.0|729.0|-3862.5|807.5|0.0|0.0|0.0|QLAVA|LAVA|4.0
UTNTLavaLip_tnt04cn_1254_0|1254|0|193|0|-4006.0|-2.0|-3968.0|-128.0|-3987.0|-65.0|0.0|0.0|0.0|QLAVA|LAVA|4.0
UTNTLavaLip_tnt04cn_1255_0|1255|0|193|0|-4018.0|128.0|-4006.0|-2.0|-4012.0|63.0|0.0|0.0|0.0|QLAVA|LAVA|4.0
UTNTLavaLip_tnt04cn_1256_0|1256|0|193|0|-4006.0|258.0|-4018.0|128.0|-4012.0|193.0|0.0|0.0|0.0|QLAVA|LAVA|4.0
UTNTLavaLip_tnt04cn_1257_0|1257|0|193|0|-3937.0|-813.0|-3840.0|-1024.0|-3888.5|-918.5|0.0|0.0|0.0|QLAVA|LAVA|4.0
UTNTLavaLip_tnt04cn_1258_0|1258|0|216|0|-3857.0|2496.0|-3840.0|2560.0|-3848.5|2528.0|0.0|0.0|0.0|QLAVA|LAVA|4.0
UTNTLavaLip_tnt04cn_1259_0|1259|0|216|0|-3904.0|2449.0|-3857.0|2496.0|-3880.5|2472.5|0.0|0.0|0.0|QLAVA|LAVA|4.0
UTNTLavaLip_tnt04cn_1260_0|1260|0|216|0|-3968.0|2432.0|-3904.0|2449.0|-3936.0|2440.5|0.0|0.0|0.0|QLAVA|LAVA|4.0
UTNTLavaLip_tnt04cn_1261_0|1261|0|216|0|-4032.0|2449.0|-3968.0|2432.0|-4000.0|2440.5|0.0|0.0|0.0|QLAVA|LAVA|4.0
UTNTLavaLip_tnt04cn_1262_0|1262|0|216|0|-4078.0|2496.0|-4032.0|2449.0|-4055.0|2472.5|0.0|0.0|0.0|QLAVA|LAVA|4.0
UTNTLavaLip_tnt04cn_1263_0|1263|0|216|0|-4160.0|2577.0|-4096.0|2560.0|-4128.0|2568.5|0.0|0.0|0.0|QLAVA|LAVA|4.0
UTNTLavaLip_tnt04cn_1264_0|1264|0|216|0|-4206.0|2624.0|-4160.0|2577.0|-4183.0|2600.5|0.0|0.0|0.0|QLAVA|LAVA|4.0
UTNTLavaLip_tnt04cn_1265_0|1265|0|216|0|-4224.0|2688.0|-4206.0|2624.0|-4215.0|2656.0|0.0|0.0|0.0|QLAVA|LAVA|4.0
UTNTLavaLip_tnt04cn_1266_0|1266|0|216|0|-4206.0|2752.0|-4224.0|2688.0|-4215.0|2720.0|0.0|0.0|0.0|QLAVA|LAVA|4.0
UTNTLavaLip_tnt04cn_1267_0|1267|0|216|0|-4160.0|2798.0|-4206.0|2752.0|-4183.0|2775.0|0.0|0.0|0.0|QLAVA|LAVA|4.0
UTNTLavaLip_tnt04cn_1268_0|1268|0|216|0|-4078.0|2880.0|-4096.0|2816.0|-4087.0|2848.0|0.0|0.0|0.0|QLAVA|LAVA|4.0
UTNTLavaLip_tnt04cn_1269_0|1269|0|216|0|-4032.0|2926.0|-4078.0|2880.0|-4055.0|2903.0|0.0|0.0|0.0|QLAVA|LAVA|4.0
UTNTLavaLip_tnt04cn_1270_0|1270|0|216|0|-3968.0|2944.0|-4032.0|2926.0|-4000.0|2935.0|0.0|0.0|0.0|QLAVA|LAVA|4.0
UTNTLavaLip_tnt04cn_1271_0|1271|0|216|0|-3904.0|2926.0|-3968.0|2944.0|-3936.0|2935.0|0.0|0.0|0.0|QLAVA|LAVA|4.0
UTNTLavaLip_tnt04cn_1272_0|1272|0|216|0|-3857.0|2880.0|-3904.0|2926.0|-3880.5|2903.0|0.0|0.0|0.0|QLAVA|LAVA|4.0
UTNTLavaLip_tnt04cn_1273_0|1273|0|216|0|-3776.0|2798.0|-3840.0|2816.0|-3808.0|2807.0|0.0|0.0|0.0|QLAVA|LAVA|4.0
UTNTLavaLip_tnt04cn_1274_0|1274|0|216|0|-3729.0|2752.0|-3776.0|2798.0|-3752.5|2775.0|0.0|0.0|0.0|QLAVA|LAVA|4.0
UTNTLavaLip_tnt04cn_1275_0|1275|0|216|0|-3712.0|2688.0|-3729.0|2752.0|-3720.5|2720.0|0.0|0.0|0.0|QLAVA|LAVA|4.0
UTNTLavaLip_tnt04cn_1276_0|1276|0|216|0|-3729.0|2624.0|-3712.0|2688.0|-3720.5|2656.0|0.0|0.0|0.0|QLAVA|LAVA|4.0
UTNTLavaLip_tnt04cn_1277_0|1277|0|216|0|-3776.0|2577.0|-3729.0|2624.0|-3752.5|2600.5|0.0|0.0|0.0|QLAVA|LAVA|4.0
UTNTLavaLip_tnt04cn_1278_0|1278|0|217|0|-4352.0|-3840.0|-4416.0|-3858.0|-4384.0|-3849.0|0.0|0.0|0.0|QLAVA|LAVA|4.0
UTNTLavaLip_tnt04cn_1279_0|1279|0|217|0|-4096.0|-3840.0|-4113.0|-3776.0|-4104.5|-3808.0|0.0|0.0|0.0|QLAVA|LAVA|4.0
UTNTLavaLip_tnt04cn_1280_0|1280|0|217|0|-4096.0|-4096.0|-4032.0|-4079.0|-4064.0|-4087.5|0.0|0.0|0.0|QLAVA|LAVA|4.0
UTNTLavaLip_tnt04cn_1281_0|1281|0|217|0|-4352.0|-4096.0|-4334.0|-4160.0|-4343.0|-4128.0|0.0|0.0|0.0|QLAVA|LAVA|4.0
UTNTLavaLip_tnt04cn_1282_0|1282|0|217|0|-4113.0|-4160.0|-4096.0|-4096.0|-4104.5|-4128.0|0.0|0.0|0.0|QLAVA|LAVA|4.0
UTNTLavaLip_tnt04cn_1283_0|1283|0|217|0|-4160.0|-4207.0|-4113.0|-4160.0|-4136.5|-4183.5|0.0|0.0|0.0|QLAVA|LAVA|4.0
UTNTLavaLip_tnt04cn_1284_0|1284|0|217|0|-4224.0|-4224.0|-4160.0|-4207.0|-4192.0|-4215.5|0.0|0.0|0.0|QLAVA|LAVA|4.0
UTNTLavaLip_tnt04cn_1285_0|1285|0|217|0|-4288.0|-4207.0|-4224.0|-4224.0|-4256.0|-4215.5|0.0|0.0|0.0|QLAVA|LAVA|4.0
UTNTLavaLip_tnt04cn_1286_0|1286|0|217|0|-4334.0|-4160.0|-4288.0|-4207.0|-4311.0|-4183.5|0.0|0.0|0.0|QLAVA|LAVA|4.0
UTNTLavaLip_tnt04cn_1287_0|1287|0|217|0|-4416.0|-4079.0|-4352.0|-4096.0|-4384.0|-4087.5|0.0|0.0|0.0|QLAVA|LAVA|4.0
UTNTLavaLip_tnt04cn_1288_0|1288|0|217|0|-4462.0|-4032.0|-4416.0|-4079.0|-4439.0|-4055.5|0.0|0.0|0.0|QLAVA|LAVA|4.0
UTNTLavaLip_tnt04cn_1289_0|1289|0|217|0|-4480.0|-3968.0|-4462.0|-4032.0|-4471.0|-4000.0|0.0|0.0|0.0|QLAVA|LAVA|4.0
UTNTLavaLip_tnt04cn_1290_0|1290|0|217|0|-4462.0|-3904.0|-4480.0|-3968.0|-4471.0|-3936.0|0.0|0.0|0.0|QLAVA|LAVA|4.0
UTNTLavaLip_tnt04cn_1291_0|1291|0|217|0|-4416.0|-3858.0|-4462.0|-3904.0|-4439.0|-3881.0|0.0|0.0|0.0|QLAVA|LAVA|4.0
UTNTLavaLip_tnt04cn_1292_0|1292|0|217|0|-4334.0|-3776.0|-4352.0|-3840.0|-4343.0|-3808.0|0.0|0.0|0.0|QLAVA|LAVA|4.0
UTNTLavaLip_tnt04cn_1293_0|1293|0|217|0|-4288.0|-3730.0|-4334.0|-3776.0|-4311.0|-3753.0|0.0|0.0|0.0|QLAVA|LAVA|4.0
UTNTLavaLip_tnt04cn_1294_0|1294|0|217|0|-4224.0|-3712.0|-4288.0|-3730.0|-4256.0|-3721.0|0.0|0.0|0.0|QLAVA|LAVA|4.0
UTNTLavaLip_tnt04cn_1295_0|1295|0|217|0|-4160.0|-3730.0|-4224.0|-3712.0|-4192.0|-3721.0|0.0|0.0|0.0|QLAVA|LAVA|4.0
UTNTLavaLip_tnt04cn_1296_0|1296|0|217|0|-4113.0|-3776.0|-4160.0|-3730.0|-4136.5|-3753.0|0.0|0.0|0.0|QLAVA|LAVA|4.0
UTNTLavaLip_tnt04cn_1297_0|1297|0|217|0|-4032.0|-3858.0|-4096.0|-3840.0|-4064.0|-3849.0|0.0|0.0|0.0|QLAVA|LAVA|4.0
UTNTLavaLip_tnt04cn_1298_0|1298|0|217|0|-3985.0|-3904.0|-4032.0|-3858.0|-4008.5|-3881.0|0.0|0.0|0.0|QLAVA|LAVA|4.0
UTNTLavaLip_tnt04cn_1299_0|1299|0|217|0|-3968.0|-3968.0|-3985.0|-3904.0|-3976.5|-3936.0|0.0|0.0|0.0|QLAVA|LAVA|4.0
UTNTLavaLip_tnt04cn_1300_0|1300|0|217|0|-3985.0|-4032.0|-3968.0|-3968.0|-3976.5|-4000.0|0.0|0.0|0.0|QLAVA|LAVA|4.0
UTNTLavaLip_tnt04cn_1301_0|1301|0|217|0|-4032.0|-4079.0|-3985.0|-4032.0|-4008.5|-4055.5|0.0|0.0|0.0|QLAVA|LAVA|4.0
UTNTLavaLip_tnt04cn_1302_0|1302|0|218|0|-768.0|-5376.0|-832.0|-5394.0|-800.0|-5385.0|0.0|0.0|0.0|QLAVA|LAVA|4.0
UTNTLavaLip_tnt04cn_1303_0|1303|0|218|0|-512.0|-5376.0|-529.0|-5312.0|-520.5|-5344.0|0.0|0.0|0.0|QLAVA|LAVA|4.0
UTNTLavaLip_tnt04cn_1304_0|1304|0|218|0|-512.0|-5632.0|-448.0|-5615.0|-480.0|-5623.5|0.0|0.0|0.0|QLAVA|LAVA|4.0
UTNTLavaLip_tnt04cn_1305_0|1305|0|218|0|-768.0|-5632.0|-750.0|-5696.0|-759.0|-5664.0|0.0|0.0|0.0|QLAVA|LAVA|4.0
UTNTLavaLip_tnt04cn_1306_0|1306|0|218|0|-529.0|-5696.0|-512.0|-5632.0|-520.5|-5664.0|0.0|0.0|0.0|QLAVA|LAVA|4.0
UTNTLavaLip_tnt04cn_1307_0|1307|0|218|0|-576.0|-5743.0|-529.0|-5696.0|-552.5|-5719.5|0.0|0.0|0.0|QLAVA|LAVA|4.0
UTNTLavaLip_tnt04cn_1308_0|1308|0|218|0|-640.0|-5760.0|-576.0|-5743.0|-608.0|-5751.5|0.0|0.0|0.0|QLAVA|LAVA|4.0
UTNTLavaLip_tnt04cn_1309_0|1309|0|218|0|-704.0|-5743.0|-640.0|-5760.0|-672.0|-5751.5|0.0|0.0|0.0|QLAVA|LAVA|4.0
UTNTLavaLip_tnt04cn_1310_0|1310|0|218|0|-750.0|-5696.0|-704.0|-5743.0|-727.0|-5719.5|0.0|0.0|0.0|QLAVA|LAVA|4.0
UTNTLavaLip_tnt04cn_1311_0|1311|0|218|0|-832.0|-5615.0|-768.0|-5632.0|-800.0|-5623.5|0.0|0.0|0.0|QLAVA|LAVA|4.0
UTNTLavaLip_tnt04cn_1312_0|1312|0|218|0|-878.0|-5568.0|-832.0|-5615.0|-855.0|-5591.5|0.0|0.0|0.0|QLAVA|LAVA|4.0
UTNTLavaLip_tnt04cn_1313_0|1313|0|218|0|-896.0|-5504.0|-878.0|-5568.0|-887.0|-5536.0|0.0|0.0|0.0|QLAVA|LAVA|4.0
UTNTLavaLip_tnt04cn_1314_0|1314|0|218|0|-878.0|-5440.0|-896.0|-5504.0|-887.0|-5472.0|0.0|0.0|0.0|QLAVA|LAVA|4.0
UTNTLavaLip_tnt04cn_1315_0|1315|0|218|0|-832.0|-5394.0|-878.0|-5440.0|-855.0|-5417.0|0.0|0.0|0.0|QLAVA|LAVA|4.0
UTNTLavaLip_tnt04cn_1316_0|1316|0|218|0|-750.0|-5312.0|-768.0|-5376.0|-759.0|-5344.0|0.0|0.0|0.0|QLAVA|LAVA|4.0
UTNTLavaLip_tnt04cn_1317_0|1317|0|218|0|-704.0|-5266.0|-750.0|-5312.0|-727.0|-5289.0|0.0|0.0|0.0|QLAVA|LAVA|4.0
UTNTLavaLip_tnt04cn_1318_0|1318|0|218|0|-640.0|-5248.0|-704.0|-5266.0|-672.0|-5257.0|0.0|0.0|0.0|QLAVA|LAVA|4.0
UTNTLavaLip_tnt04cn_1319_0|1319|0|218|0|-576.0|-5266.0|-640.0|-5248.0|-608.0|-5257.0|0.0|0.0|0.0|QLAVA|LAVA|4.0
UTNTLavaLip_tnt04cn_1320_0|1320|0|218|0|-529.0|-5312.0|-576.0|-5266.0|-552.5|-5289.0|0.0|0.0|0.0|QLAVA|LAVA|4.0
UTNTLavaLip_tnt04cn_1321_0|1321|0|218|0|-448.0|-5394.0|-512.0|-5376.0|-480.0|-5385.0|0.0|0.0|0.0|QLAVA|LAVA|4.0
UTNTLavaLip_tnt04cn_1322_0|1322|0|218|0|-401.0|-5440.0|-448.0|-5394.0|-424.5|-5417.0|0.0|0.0|0.0|QLAVA|LAVA|4.0
UTNTLavaLip_tnt04cn_1323_0|1323|0|218|0|-384.0|-5504.0|-401.0|-5440.0|-392.5|-5472.0|0.0|0.0|0.0|QLAVA|LAVA|4.0
UTNTLavaLip_tnt04cn_1324_0|1324|0|218|0|-401.0|-5568.0|-384.0|-5504.0|-392.5|-5536.0|0.0|0.0|0.0|QLAVA|LAVA|4.0
UTNTLavaLip_tnt04cn_1325_0|1325|0|218|0|-448.0|-5615.0|-401.0|-5568.0|-424.5|-5591.5|0.0|0.0|0.0|QLAVA|LAVA|4.0
UTNTLavaLip_tnt04cn_1326_0|1326|0|219|0|4608.0|-4096.0|4544.0|-4114.0|4576.0|-4105.0|0.0|0.0|0.0|QLAVA|LAVA|4.0
UTNTLavaLip_tnt04cn_1327_0|1327|0|219|0|4864.0|-4096.0|4847.0|-4032.0|4855.5|-4064.0|0.0|0.0|0.0|QLAVA|LAVA|4.0
UTNTLavaLip_tnt04cn_1328_0|1328|0|219|0|4864.0|-4352.0|4928.0|-4335.0|4896.0|-4343.5|0.0|0.0|0.0|QLAVA|LAVA|4.0
UTNTLavaLip_tnt04cn_1329_0|1329|0|219|0|4608.0|-4352.0|4626.0|-4416.0|4617.0|-4384.0|0.0|0.0|0.0|QLAVA|LAVA|4.0
UTNTLavaLip_tnt04cn_1330_0|1330|0|219|0|4847.0|-4416.0|4864.0|-4352.0|4855.5|-4384.0|0.0|0.0|0.0|QLAVA|LAVA|4.0
UTNTLavaLip_tnt04cn_1331_0|1331|0|219|0|4800.0|-4463.0|4847.0|-4416.0|4823.5|-4439.5|0.0|0.0|0.0|QLAVA|LAVA|4.0
UTNTLavaLip_tnt04cn_1332_0|1332|0|219|0|4736.0|-4480.0|4800.0|-4463.0|4768.0|-4471.5|0.0|0.0|0.0|QLAVA|LAVA|4.0
UTNTLavaLip_tnt04cn_1333_0|1333|0|219|0|4672.0|-4463.0|4736.0|-4480.0|4704.0|-4471.5|0.0|0.0|0.0|QLAVA|LAVA|4.0
UTNTLavaLip_tnt04cn_1334_0|1334|0|219|0|4626.0|-4416.0|4672.0|-4463.0|4649.0|-4439.5|0.0|0.0|0.0|QLAVA|LAVA|4.0
UTNTLavaLip_tnt04cn_1335_0|1335|0|219|0|4544.0|-4335.0|4608.0|-4352.0|4576.0|-4343.5|0.0|0.0|0.0|QLAVA|LAVA|4.0
UTNTLavaLip_tnt04cn_1336_0|1336|0|219|0|4498.0|-4288.0|4544.0|-4335.0|4521.0|-4311.5|0.0|0.0|0.0|QLAVA|LAVA|4.0
UTNTLavaLip_tnt04cn_1337_0|1337|0|219|0|4480.0|-4224.0|4498.0|-4288.0|4489.0|-4256.0|0.0|0.0|0.0|QLAVA|LAVA|4.0
UTNTLavaLip_tnt04cn_1338_0|1338|0|219|0|4498.0|-4160.0|4480.0|-4224.0|4489.0|-4192.0|0.0|0.0|0.0|QLAVA|LAVA|4.0
UTNTLavaLip_tnt04cn_1339_0|1339|0|219|0|4544.0|-4114.0|4498.0|-4160.0|4521.0|-4137.0|0.0|0.0|0.0|QLAVA|LAVA|4.0
UTNTLavaLip_tnt04cn_1340_0|1340|0|219|0|4626.0|-4032.0|4608.0|-4096.0|4617.0|-4064.0|0.0|0.0|0.0|QLAVA|LAVA|4.0
UTNTLavaLip_tnt04cn_1341_0|1341|0|219|0|4672.0|-3986.0|4626.0|-4032.0|4649.0|-4009.0|0.0|0.0|0.0|QLAVA|LAVA|4.0
UTNTLavaLip_tnt04cn_1342_0|1342|0|219|0|4736.0|-3968.0|4672.0|-3986.0|4704.0|-3977.0|0.0|0.0|0.0|QLAVA|LAVA|4.0
UTNTLavaLip_tnt04cn_1343_0|1343|0|219|0|4800.0|-3986.0|4736.0|-3968.0|4768.0|-3977.0|0.0|0.0|0.0|QLAVA|LAVA|4.0
UTNTLavaLip_tnt04cn_1344_0|1344|0|219|0|4847.0|-4032.0|4800.0|-3986.0|4823.5|-4009.0|0.0|0.0|0.0|QLAVA|LAVA|4.0
UTNTLavaLip_tnt04cn_1345_0|1345|0|219|0|4928.0|-4114.0|4864.0|-4096.0|4896.0|-4105.0|0.0|0.0|0.0|QLAVA|LAVA|4.0
UTNTLavaLip_tnt04cn_1346_0|1346|0|219|0|4975.0|-4160.0|4928.0|-4114.0|4951.5|-4137.0|0.0|0.0|0.0|QLAVA|LAVA|4.0
UTNTLavaLip_tnt04cn_1347_0|1347|0|219|0|4992.0|-4224.0|4975.0|-4160.0|4983.5|-4192.0|0.0|0.0|0.0|QLAVA|LAVA|4.0
UTNTLavaLip_tnt04cn_1348_0|1348|0|219|0|4975.0|-4288.0|4992.0|-4224.0|4983.5|-4256.0|0.0|0.0|0.0|QLAVA|LAVA|4.0
UTNTLavaLip_tnt04cn_1349_0|1349|0|219|0|4928.0|-4335.0|4975.0|-4288.0|4951.5|-4311.5|0.0|0.0|0.0|QLAVA|LAVA|4.0
UTNTLavaLip_tnt04cn_1350_0|1350|0|220|0|5120.0|1280.0|5056.0|1262.0|5088.0|1271.0|0.0|0.0|0.0|QLAVA|LAVA|4.0
UTNTLavaLip_tnt04cn_1351_0|1351|0|220|0|5376.0|1280.0|5359.0|1344.0|5367.5|1312.0|0.0|0.0|0.0|QLAVA|LAVA|4.0
UTNTLavaLip_tnt04cn_1352_0|1352|0|220|0|5376.0|1024.0|5440.0|1041.0|5408.0|1032.5|0.0|0.0|0.0|QLAVA|LAVA|4.0
UTNTLavaLip_tnt04cn_1353_0|1353|0|220|0|5120.0|1024.0|5138.0|960.0|5129.0|992.0|0.0|0.0|0.0|QLAVA|LAVA|4.0
UTNTLavaLip_tnt04cn_1354_0|1354|0|220|0|5359.0|960.0|5376.0|1024.0|5367.5|992.0|0.0|0.0|0.0|QLAVA|LAVA|4.0
UTNTLavaLip_tnt04cn_1355_0|1355|0|220|0|5312.0|913.0|5359.0|960.0|5335.5|936.5|0.0|0.0|0.0|QLAVA|LAVA|4.0
UTNTLavaLip_tnt04cn_1356_0|1356|0|220|0|5248.0|896.0|5312.0|913.0|5280.0|904.5|0.0|0.0|0.0|QLAVA|LAVA|4.0
UTNTLavaLip_tnt04cn_1357_0|1357|0|220|0|5184.0|913.0|5248.0|896.0|5216.0|904.5|0.0|0.0|0.0|QLAVA|LAVA|4.0
UTNTLavaLip_tnt04cn_1358_0|1358|0|220|0|5138.0|960.0|5184.0|913.0|5161.0|936.5|0.0|0.0|0.0|QLAVA|LAVA|4.0
UTNTLavaLip_tnt04cn_1359_0|1359|0|220|0|5056.0|1041.0|5120.0|1024.0|5088.0|1032.5|0.0|0.0|0.0|QLAVA|LAVA|4.0
UTNTLavaLip_tnt04cn_1360_0|1360|0|220|0|5010.0|1088.0|5056.0|1041.0|5033.0|1064.5|0.0|0.0|0.0|QLAVA|LAVA|4.0
UTNTLavaLip_tnt04cn_1361_0|1361|0|220|0|4992.0|1152.0|5010.0|1088.0|5001.0|1120.0|0.0|0.0|0.0|QLAVA|LAVA|4.0
UTNTLavaLip_tnt04cn_1362_0|1362|0|220|0|5010.0|1216.0|4992.0|1152.0|5001.0|1184.0|0.0|0.0|0.0|QLAVA|LAVA|4.0
UTNTLavaLip_tnt04cn_1363_0|1363|0|220|0|5056.0|1262.0|5010.0|1216.0|5033.0|1239.0|0.0|0.0|0.0|QLAVA|LAVA|4.0
UTNTLavaLip_tnt04cn_1364_0|1364|0|220|0|5138.0|1344.0|5120.0|1280.0|5129.0|1312.0|0.0|0.0|0.0|QLAVA|LAVA|4.0
UTNTLavaLip_tnt04cn_1365_0|1365|0|220|0|5184.0|1390.0|5138.0|1344.0|5161.0|1367.0|0.0|0.0|0.0|QLAVA|LAVA|4.0
UTNTLavaLip_tnt04cn_1366_0|1366|0|220|0|5248.0|1408.0|5184.0|1390.0|5216.0|1399.0|0.0|0.0|0.0|QLAVA|LAVA|4.0
UTNTLavaLip_tnt04cn_1367_0|1367|0|220|0|5312.0|1390.0|5248.0|1408.0|5280.0|1399.0|0.0|0.0|0.0|QLAVA|LAVA|4.0
UTNTLavaLip_tnt04cn_1368_0|1368|0|220|0|5359.0|1344.0|5312.0|1390.0|5335.5|1367.0|0.0|0.0|0.0|QLAVA|LAVA|4.0
UTNTLavaLip_tnt04cn_1369_0|1369|0|220|0|5440.0|1262.0|5376.0|1280.0|5408.0|1271.0|0.0|0.0|0.0|QLAVA|LAVA|4.0
UTNTLavaLip_tnt04cn_1370_0|1370|0|220|0|5487.0|1216.0|5440.0|1262.0|5463.5|1239.0|0.0|0.0|0.0|QLAVA|LAVA|4.0
UTNTLavaLip_tnt04cn_1371_0|1371|0|220|0|5504.0|1152.0|5487.0|1216.0|5495.5|1184.0|0.0|0.0|0.0|QLAVA|LAVA|4.0
UTNTLavaLip_tnt04cn_1372_0|1372|0|220|0|5487.0|1088.0|5504.0|1152.0|5495.5|1120.0|0.0|0.0|0.0|QLAVA|LAVA|4.0
UTNTLavaLip_tnt04cn_1373_0|1373|0|220|0|5440.0|1041.0|5487.0|1088.0|5463.5|1064.5|0.0|0.0|0.0|QLAVA|LAVA|4.0
UTNTLavaLip_tnt04cn_1374_0|1374|0|221|0|1792.0|3584.0|1728.0|3566.0|1760.0|3575.0|0.0|0.0|0.0|QLAVA|LAVA|4.0
UTNTLavaLip_tnt04cn_1375_0|1375|0|221|0|2048.0|3584.0|2031.0|3648.0|2039.5|3616.0|0.0|0.0|0.0|QLAVA|LAVA|4.0
UTNTLavaLip_tnt04cn_1376_0|1376|0|221|0|2048.0|3328.0|2112.0|3345.0|2080.0|3336.5|0.0|0.0|0.0|QLAVA|LAVA|4.0
UTNTLavaLip_tnt04cn_1377_0|1377|0|221|0|1792.0|3328.0|1810.0|3264.0|1801.0|3296.0|0.0|0.0|0.0|QLAVA|LAVA|4.0
UTNTLavaLip_tnt04cn_1378_0|1378|0|221|0|2031.0|3264.0|2048.0|3328.0|2039.5|3296.0|0.0|0.0|0.0|QLAVA|LAVA|4.0
UTNTLavaLip_tnt04cn_1379_0|1379|0|221|0|1984.0|3217.0|2031.0|3264.0|2007.5|3240.5|0.0|0.0|0.0|QLAVA|LAVA|4.0
UTNTLavaLip_tnt04cn_1380_0|1380|0|221|0|1920.0|3200.0|1984.0|3217.0|1952.0|3208.5|0.0|0.0|0.0|QLAVA|LAVA|4.0
UTNTLavaLip_tnt04cn_1381_0|1381|0|221|0|1856.0|3217.0|1920.0|3200.0|1888.0|3208.5|0.0|0.0|0.0|QLAVA|LAVA|4.0
UTNTLavaLip_tnt04cn_1382_0|1382|0|221|0|1810.0|3264.0|1856.0|3217.0|1833.0|3240.5|0.0|0.0|0.0|QLAVA|LAVA|4.0
UTNTLavaLip_tnt04cn_1383_0|1383|0|221|0|1728.0|3345.0|1792.0|3328.0|1760.0|3336.5|0.0|0.0|0.0|QLAVA|LAVA|4.0
UTNTLavaLip_tnt04cn_1384_0|1384|0|221|0|1682.0|3392.0|1728.0|3345.0|1705.0|3368.5|0.0|0.0|0.0|QLAVA|LAVA|4.0
UTNTLavaLip_tnt04cn_1385_0|1385|0|221|0|1664.0|3456.0|1682.0|3392.0|1673.0|3424.0|0.0|0.0|0.0|QLAVA|LAVA|4.0
UTNTLavaLip_tnt04cn_1386_0|1386|0|221|0|1682.0|3520.0|1664.0|3456.0|1673.0|3488.0|0.0|0.0|0.0|QLAVA|LAVA|4.0
UTNTLavaLip_tnt04cn_1387_0|1387|0|221|0|1728.0|3566.0|1682.0|3520.0|1705.0|3543.0|0.0|0.0|0.0|QLAVA|LAVA|4.0
UTNTLavaLip_tnt04cn_1388_0|1388|0|221|0|1810.0|3648.0|1792.0|3584.0|1801.0|3616.0|0.0|0.0|0.0|QLAVA|LAVA|4.0
UTNTLavaLip_tnt04cn_1389_0|1389|0|221|0|1856.0|3694.0|1810.0|3648.0|1833.0|3671.0|0.0|0.0|0.0|QLAVA|LAVA|4.0
UTNTLavaLip_tnt04cn_1390_0|1390|0|221|0|1920.0|3712.0|1856.0|3694.0|1888.0|3703.0|0.0|0.0|0.0|QLAVA|LAVA|4.0
UTNTLavaLip_tnt04cn_1391_0|1391|0|221|0|1984.0|3694.0|1920.0|3712.0|1952.0|3703.0|0.0|0.0|0.0|QLAVA|LAVA|4.0
UTNTLavaLip_tnt04cn_1392_0|1392|0|221|0|2031.0|3648.0|1984.0|3694.0|2007.5|3671.0|0.0|0.0|0.0|QLAVA|LAVA|4.0
UTNTLavaLip_tnt04cn_1393_0|1393|0|221|0|2112.0|3566.0|2048.0|3584.0|2080.0|3575.0|0.0|0.0|0.0|QLAVA|LAVA|4.0
UTNTLavaLip_tnt04cn_1394_0|1394|0|221|0|2159.0|3520.0|2112.0|3566.0|2135.5|3543.0|0.0|0.0|0.0|QLAVA|LAVA|4.0
UTNTLavaLip_tnt04cn_1395_0|1395|0|221|0|2176.0|3456.0|2159.0|3520.0|2167.5|3488.0|0.0|0.0|0.0|QLAVA|LAVA|4.0
UTNTLavaLip_tnt04cn_1396_0|1396|0|221|0|2159.0|3392.0|2176.0|3456.0|2167.5|3424.0|0.0|0.0|0.0|QLAVA|LAVA|4.0
UTNTLavaLip_tnt04cn_1397_0|1397|0|221|0|2112.0|3345.0|2159.0|3392.0|2135.5|3368.5|0.0|0.0|0.0|QLAVA|LAVA|4.0
