UTNTSkyEdge_tnt04c_36_1|36|1|0|17|17|608.0|-864.0|592.0|-864.0|600.0|-863.5|320.0|320.0|320.0|QROCK3|QROCK3X8|1.0|1.0|84.0|-896.0|22|rock|-|SG001727|-|586
UTNTSkyEdge_tnt04c_60_1|60|1|0|23|23|1096.0|-552.0|1112.0|-552.0|1104.0|-552.5|320.0|320.0|320.0|QROCK3|QROCK3X8|1.0|1.0|112.0|-896.0|22|rock|-|SG001728|-|587
UTNTSkyEdge_tnt04c_72_0|72|0|0|17|17|592.0|-768.0|608.0|-768.0|600.0|-768.5|320.0|320.0|320.0|QROCK3|QROCK3X8|1.0|1.0|521.458993971|-896.0|22|rock|-|SG001727|-|586
UTNTSkyEdge_tnt04c_76_0|76|0|0|96|96|592.0|-864.0|560.0|-864.0|576.0|-863.5|320.0|320.0|320.0|QROCK3|QROCK3X8|1.0|1.0|100.0|-896.0|22|rock|-|SG001729|-|588
UTNTSkyEdge_tnt04c_78_0|78|0|0|18|18|384.0|-792.0|456.0|-784.0|420.05521576303744|-788.4969418673368|320.0|320.0|320.0|QROCK3|QROCK3X8|1.0|1.0|301.436532422|-896.0|22|rock|-|SG001730|-|589
UTNTSkyEdge_tnt04c_79_0|79|0|0|27|27|632.0|-888.0|608.0|-864.0|620.3535533905932|-875.6464466094068|320.0|320.0|320.0|QROCK3|QROCK3X8|1.0|1.0|690.377267083|-896.0|22|rock|-|SG001731|-|590
UTNTSkyEdge_tnt04c_80_0|80|0|0|18|18|424.0|-840.0|384.0|-792.0|404.3841106397987|-815.6799078001677|320.0|320.0|320.0|QROCK3|QROCK3X8|1.0|1.0|238.954535015|-896.0|22|rock|-|SG001730|-|589
UTNTSkyEdge_tnt04c_81_0|81|0|0|18|18|520.0|-864.0|424.0|-840.0|472.12126781251817|-851.5149287499273|320.0|320.0|320.0|QROCK3|QROCK3X8|1.0|1.0|140.0|-896.0|22|rock|-|SG001730|-|589
UTNTSkyEdge_tnt04c_82_0|82|0|0|29|29|656.0|-888.0|640.0|-888.0|648.0|-887.5|320.0|320.0|320.0|QROCK3|QROCK3X8|1.0|1.0|666.377267083|-896.0|22|rock|-|SG001732|-|591
UTNTSkyEdge_tnt04c_95_1|95|1|0|37|37|936.0|-824.0|856.0|-824.0|896.0|-823.5|320.0|320.0|320.0|QROCK3|QROCK3X8|1.0|1.0|366.748902884|-896.0|22|rock|-|SG001733|-|592
UTNTSkyEdge_tnt04c_103_0|103|0|0|28|28|640.0|-888.0|632.0|-888.0|636.0|-887.5|320.0|320.0|320.0|QROCK3|QROCK3X8|1.0|1.0|682.377267083|-896.0|22|rock|-|SG001734|-|593
UTNTSkyEdge_tnt04c_233_0|233|0|0|27|27|744.0|-832.0|712.0|-848.0|727.77639320225|-839.5527864045|320.0|320.0|320.0|QROCK3|QROCK3X8|1.0|1.0|560.047124166|-896.0|22|rock|-|SG001731|-|590
UTNTSkyEdge_tnt04c_235_0|235|0|0|29|29|680.0|-880.0|656.0|-888.0|667.8418861169915|-883.5256583509747|320.0|320.0|320.0|QROCK3|QROCK3X8|1.0|1.0|641.079045802|-896.0|22|rock|-|SG001732|-|591
UTNTSkyEdge_tnt04c_236_0|236|0|0|27|27|784.0|-832.0|744.0|-832.0|764.0|-831.5|320.0|320.0|320.0|QROCK3|QROCK3X8|1.0|1.0|520.047124166|-896.0|22|rock|-|SG001731|-|590
UTNTSkyEdge_tnt04c_237_0|237|0|0|29|29|704.0|-856.0|680.0|-880.0|691.6464466094068|-867.6464466094068|320.0|320.0|320.0|QROCK3|QROCK3X8|1.0|1.0|607.137920305|-896.0|22|rock|-|SG001732|-|591
UTNTSkyEdge_tnt04c_238_0|238|0|0|28|28|712.0|-848.0|704.0|-856.0|707.6464466094068|-851.6464466094068|320.0|320.0|320.0|QROCK3|QROCK3X8|1.0|1.0|595.824211806|-896.0|22|rock|-|SG001734|-|593
UTNTSkyEdge_tnt04c_239_0|239|0|0|18|18|552.0|-752.0|592.0|-768.0|571.8143046618229|-760.4642383454426|320.0|320.0|320.0|QROCK3|QROCK3X8|1.0|1.0|478.377675514|-896.0|22|rock|-|SG001730|-|589
UTNTSkyEdge_tnt04c_240_0|240|0|0|18|18|512.0|-752.0|552.0|-752.0|532.0|-752.5|320.0|320.0|320.0|QROCK3|QROCK3X8|1.0|1.0|438.377675514|-896.0|22|rock|-|SG001730|-|589
UTNTSkyEdge_tnt04c_241_0|241|0|0|18|18|456.0|-784.0|512.0|-752.0|484.2480694691784|-768.4341215710622|320.0|320.0|320.0|QROCK3|QROCK3X8|1.0|1.0|373.879613527|-896.0|22|rock|-|SG001730|-|589
UTNTSkyEdge_tnt04c_242_0|242|0|0|27|27|608.0|-768.0|688.0|-768.0|648.0|-768.5|320.0|320.0|320.0|QROCK3|QROCK3X8|1.0|1.0|56.0|-896.0|22|rock|-|SG001731|-|590
UTNTSkyEdge_tnt04c_243_0|243|0|0|27|27|688.0|-768.0|736.0|-752.0|712.1581138830085|-760.4743416490253|320.0|320.0|320.0|QROCK3|QROCK3X8|1.0|1.0|136.0|-896.0|22|rock|-|SG001731|-|590
UTNTSkyEdge_tnt04c_244_0|244|0|0|27|27|736.0|-752.0|768.0|-688.0|752.4472135955|-720.22360679775|320.0|320.0|320.0|QROCK3|QROCK3X8|1.0|1.0|186.596442563|-896.0|22|rock|-|SG001731|-|590
UTNTSkyEdge_tnt04c_245_0|245|0|0|27|27|768.0|-688.0|848.0|-640.0|808.2572478777138|-664.4287464628562|320.0|320.0|320.0|QROCK3|QROCK3X8|1.0|1.0|258.150617843|-896.0|22|rock|-|SG001731|-|590
UTNTSkyEdge_tnt04c_246_0|246|0|0|27|27|848.0|-640.0|960.0|-624.0|904.0707106781186|-632.4949747468306|320.0|320.0|320.0|QROCK3|QROCK3X8|1.0|1.0|351.44584816|-896.0|22|rock|-|SG001731|-|590
UTNTSkyEdge_tnt04c_247_0|247|0|0|27|27|960.0|-624.0|1024.0|-608.0|992.1212678125181|-616.4850712500727|320.0|320.0|320.0|QROCK3|QROCK3X8|1.0|1.0|464.58293315|-896.0|22|rock|-|SG001731|-|590
UTNTSkyEdge_tnt04c_248_0|248|0|0|27|27|1024.0|-608.0|1072.0|-560.0|1048.3535533905933|-584.3535533905932|320.0|320.0|320.0|QROCK3|QROCK3X8|1.0|1.0|530.55262316|-896.0|22|rock|-|SG001731|-|590
UTNTSkyEdge_tnt04c_249_0|249|0|0|27|27|1072.0|-560.0|1096.0|-552.0|1084.1581138830084|-556.4743416490253|320.0|320.0|320.0|QROCK3|QROCK3X8|1.0|1.0|598.434874154|-896.0|22|rock|-|SG001731|-|590
UTNTSkyEdge_tnt04c_250_0|250|0|0|94|94|1112.0|-552.0|1128.0|-552.0|1120.0|-552.5|320.0|320.0|320.0|QROCK3|QROCK3X8|1.0|1.0|128.0|-896.0|22|rock|-|SG001735|-|594
UTNTSkyEdge_tnt04c_251_0|251|0|0|57|57|1152.0|-552.0|1224.0|-584.0|1187.7969307669732|-568.4569057743101|320.0|320.0|320.0|QROCK3|QROCK3X8|1.0|1.0|81.0|-896.0|22|rock|-|SG001736|-|595
UTNTSkyEdge_tnt04c_252_0|252|0|0|57|57|1224.0|-584.0|1264.0|-632.0|1243.6158893602012|-608.3200921998323|320.0|320.0|320.0|QROCK3|QROCK3X8|1.0|1.0|159.790862414|-896.0|22|rock|-|SG001736|-|595
UTNTSkyEdge_tnt04c_253_0|253|0|0|57|57|1264.0|-632.0|1280.0|-704.0|1271.5119064699081|-668.1084652289094|320.0|320.0|320.0|QROCK3|QROCK3X8|1.0|1.0|222.272859822|-896.0|22|rock|-|SG001736|-|595
UTNTSkyEdge_tnt04c_254_0|254|0|0|57|57|1280.0|-704.0|1264.0|-760.0|1271.5192380261797|-731.8626394360513|320.0|320.0|320.0|QROCK3|QROCK3X8|1.0|1.0|296.02921548|-896.0|22|rock|-|SG001736|-|595
UTNTSkyEdge_tnt04c_255_0|255|0|0|57|57|1264.0|-760.0|1216.0|-816.0|1239.6203716988173|-787.674604313272|320.0|320.0|320.0|QROCK3|QROCK3X8|1.0|1.0|354.270094594|-896.0|22|rock|-|SG001736|-|595
UTNTSkyEdge_tnt04c_257_0|257|0|0|94|94|1216.0|-816.0|1200.0|-832.0|1207.6464466094067|-823.6464466094068|320.0|320.0|320.0|QROCK3|QROCK3X8|1.0|1.0|60.0|-896.0|22|rock|-|SG001735|-|594
UTNTSkyEdge_tnt04c_259_0|259|0|0|58|58|1200.0|-832.0|1184.0|-840.0|1191.7763932022501|-835.5527864045|320.0|320.0|320.0|QROCK3|QROCK3X8|1.0|1.0|82.627416998|-896.0|22|rock|-|SG001737|-|596
UTNTSkyEdge_tnt04c_261_0|261|0|0|27|27|1184.0|-840.0|1160.0|-864.0|1171.6464466094067|-851.6464466094068|320.0|320.0|320.0|QROCK3|QROCK3X8|1.0|1.0|101.0|-896.0|22|rock|-|SG001731|-|590
UTNTSkyEdge_tnt04c_263_0|263|0|0|60|60|1160.0|-864.0|1152.0|-864.0|1156.0|-863.5|320.0|320.0|320.0|QROCK3|QROCK3X8|1.0|1.0|134.941125497|-896.0|22|rock|-|SG001738|-|597
UTNTSkyEdge_tnt04c_265_0|265|0|0|59|59|1152.0|-864.0|1088.0|-856.0|1120.0620173672946|-859.5038610616432|320.0|320.0|320.0|QROCK3|QROCK3X8|1.0|1.0|142.941125497|-896.0|22|rock|-|SG001739|-|598
UTNTSkyEdge_tnt04c_267_0|267|0|0|60|60|1088.0|-856.0|1080.0|-856.0|1084.0|-855.5|320.0|320.0|320.0|QROCK3|QROCK3X8|1.0|1.0|207.439187483|-896.0|22|rock|-|SG001738|-|597
UTNTSkyEdge_tnt04c_268_0|268|0|0|27|27|1080.0|-856.0|1040.0|-832.0|1060.2572478777138|-843.5712535371438|320.0|320.0|320.0|QROCK3|QROCK3X8|1.0|1.0|215.439187483|-896.0|22|rock|-|SG001731|-|590
UTNTSkyEdge_tnt04c_269_0|269|0|0|27|27|1040.0|-832.0|992.0|-824.0|1016.0821994936526|-827.506803038084|320.0|320.0|320.0|QROCK3|QROCK3X8|1.0|1.0|262.086802642|-896.0|22|rock|-|SG001731|-|590
UTNTSkyEdge_tnt04c_271_0|271|0|0|27|27|992.0|-824.0|944.0|-824.0|968.0|-823.5|320.0|320.0|320.0|QROCK3|QROCK3X8|1.0|1.0|310.748902884|-896.0|22|rock|-|SG001731|-|590
UTNTSkyEdge_tnt04c_272_0|272|0|0|55|55|944.0|-824.0|936.0|-824.0|940.0|-823.5|320.0|320.0|320.0|QROCK3|QROCK3X8|1.0|1.0|358.748902884|-896.0|22|rock|-|SG001740|-|599
UTNTSkyEdge_tnt04c_274_0|274|0|0|55|55|856.0|-824.0|848.0|-824.0|852.0|-823.5|320.0|320.0|320.0|QROCK3|QROCK3X8|1.0|1.0|446.748902884|-896.0|22|rock|-|SG001740|-|599
UTNTSkyEdge_tnt04c_275_0|275|0|0|27|27|848.0|-824.0|808.0|-824.0|828.0|-823.5|320.0|320.0|320.0|QROCK3|QROCK3X8|1.0|1.0|454.748902884|-896.0|22|rock|-|SG001731|-|590
UTNTSkyEdge_tnt04c_276_0|276|0|0|27|27|808.0|-824.0|784.0|-832.0|795.8418861169915|-827.5256583509747|320.0|320.0|320.0|QROCK3|QROCK3X8|1.0|1.0|494.748902884|-896.0|22|rock|-|SG001731|-|590
UTNTSkyEdge_tnt04c_463_0|463|0|0|57|57|1128.0|-552.0|1152.0|-552.0|1140.0|-552.5|320.0|320.0|320.0|QROCK3|QROCK3X8|1.0|1.0|57.0|-896.0|22|rock|-|SG001736|-|595
UTNTSkyEdge_tnt04c_518_0|518|0|0|18|18|560.0|-864.0|520.0|-864.0|540.0|-863.5|320.0|320.0|320.0|QROCK3|QROCK3X8|1.0|1.0|100.0|-896.0|22|rock|-|SG001730|-|589
UTNTSkyEdge_tnt04c_527_1|527|1|0|97|97|960.0|-240.0|928.0|-208.0|944.3535533905932|-223.64644660940672|288.0|288.0|288.0|QROCK3|QROCK3X8|1.0|1.0|909.147316276|-896.0|11.52|rock|-|SG001741|-|600
UTNTSkyEdge_tnt04c_528_1|528|1|0|97|97|976.0|-288.0|960.0|-240.0|968.4743416490253|-263.8418861169916|288.0|288.0|288.0|QROCK3|QROCK3X8|1.0|1.0|858.550873713|-896.0|11.52|rock|-|SG001741|-|600
UTNTSkyEdge_tnt04c_529_1|529|1|0|97|97|1024.0|-320.0|976.0|-288.0|1000.2773500981126|-303.5839748528311|288.0|288.0|288.0|QROCK3|QROCK3X8|1.0|1.0|800.862053306|-896.0|11.52|rock|-|SG001741|-|600
UTNTSkyEdge_tnt04c_530_1|530|1|0|97|97|1104.0|-304.0|1024.0|-320.0|1063.9019419324309|-311.50970966215453|288.0|288.0|288.0|QROCK3|QROCK3X8|1.0|1.0|719.277741088|-896.0|11.52|rock|-|SG001741|-|600
UTNTSkyEdge_tnt04c_531_1|531|1|0|97|97|1136.0|-256.0|1104.0|-304.0|1119.583974852831|-279.7226499018874|288.0|288.0|288.0|QROCK3|QROCK3X8|1.0|1.0|661.588920681|-896.0|11.52|rock|-|SG001741|-|600
UTNTSkyEdge_tnt04c_532_1|532|1|0|97|97|1168.0|-240.0|1136.0|-256.0|1151.7763932022501|-247.55278640450004|288.0|288.0|288.0|QROCK3|QROCK3X8|1.0|1.0|625.811833041|-896.0|11.52|rock|-|SG001741|-|600
UTNTSkyEdge_tnt04c_533_1|533|1|0|97|97|1200.0|-192.0|1168.0|-240.0|1183.583974852831|-215.7226499018874|288.0|288.0|288.0|QROCK3|QROCK3X8|1.0|1.0|568.123012634|-896.0|11.52|rock|-|SG001741|-|600
UTNTSkyEdge_tnt04c_534_1|534|1|0|0|0|1184.0|-128.0|1200.0|-192.0|1191.5149287499273|-160.12126781251817|288.0|288.0|288.0|QROCK3|QROCK3X8|1.0|1.0|502.153322624|-896.0|11.52|rock|-|SG001742|-|601
UTNTSkyEdge_tnt04c_535_1|535|1|0|0|0|1152.0|-64.0|1184.0|-128.0|1167.5527864045|-96.22360679774998|288.0|288.0|288.0|QROCK3|QROCK3X8|1.0|1.0|430.599147344|-896.0|11.52|rock|-|SG001742|-|601
UTNTSkyEdge_tnt04c_536_1|536|1|0|99|99|1152.0|16.0|1152.0|-64.0|1151.5|-24.0|288.0|288.0|288.0|QROCK3|QROCK3X8|1.0|1.0|350.599147344|-896.0|11.52|rock|-|SG001743|-|602
UTNTSkyEdge_tnt04c_537_1|537|1|0|99|99|1168.0|80.0|1152.0|16.0|1159.5149287499273|48.12126781251817|288.0|288.0|288.0|QROCK3|QROCK3X8|1.0|1.0|284.629457334|-896.0|11.52|rock|-|SG001743|-|602
UTNTSkyEdge_tnt04c_538_1|538|1|0|99|99|1136.0|96.0|1168.0|80.0|1151.7763932022501|87.55278640450004|288.0|288.0|288.0|QROCK3|QROCK3X8|1.0|1.0|248.852369694|-896.0|11.52|rock|-|SG001743|-|602
UTNTSkyEdge_tnt04c_539_1|539|1|0|99|99|1024.0|144.0|1136.0|96.0|1079.8030403507105|119.54042748499097|288.0|288.0|288.0|QROCK3|QROCK3X8|1.0|1.0|127.0|-896.0|11.52|rock|-|SG001743|-|602
UTNTSkyEdge_tnt04c_540_1|540|1|0|99|99|928.0|144.0|1024.0|144.0|976.0|143.5|288.0|288.0|288.0|QROCK3|QROCK3X8|1.0|1.0|31.0|-896.0|11.52|rock|-|SG001743|-|602
UTNTSkyEdge_tnt04c_543_1|543|1|0|99|99|880.0|-16.0|864.0|64.0|872.4902903378454|24.09805806756909|288.0|288.0|288.0|QROCK3|QROCK3X8|1.0|1.0|149.838576546|-896.0|11.52|rock|-|SG001743|-|602
UTNTSkyEdge_tnt04c_545_1|545|1|0|99|99|912.0|-48.0|880.0|-16.0|896.3535533905932|-31.646446609406727|288.0|288.0|288.0|QROCK3|QROCK3X8|1.0|1.0|104.58374255|-896.0|11.52|rock|-|SG001743|-|602
UTNTSkyEdge_tnt04c_547_1|547|1|0|79|79|912.0|-64.0|912.0|-48.0|912.5|-56.0|288.0|288.0|288.0|QROCK3|QROCK3X8|1.0|1.0|88.58374255|-896.0|11.52|rock|-|SG001744|-|603
UTNTSkyEdge_tnt04c_548_1|548|1|0|101|101|912.0|-112.0|912.0|-64.0|912.5|-88.0|288.0|288.0|288.0|QROCK3|QROCK3X8|1.0|1.0|40.58374255|-896.0|11.52|rock|-|SG001745|-|604
UTNTSkyEdge_tnt04c_549_1|549|1|0|101|101|928.0|-144.0|912.0|-112.0|920.4472135955|-127.77639320225002|288.0|288.0|288.0|QROCK3|QROCK3X8|1.0|1.0|4.80665491|-896.0|11.52|rock|-|SG001745|-|604
UTNTSkyEdge_tnt04c_550_1|550|1|0|101|101|944.0|-176.0|928.0|-144.0|936.4472135955|-159.77639320225003|288.0|288.0|288.0|QROCK3|QROCK3X8|1.0|1.0|993.02956727|-896.0|11.52|rock|-|SG001745|-|604
UTNTSkyEdge_tnt04c_552_1|552|1|0|101|101|928.0|-192.0|944.0|-176.0|936.3535533905932|-184.35355339059328|288.0|288.0|288.0|QROCK3|QROCK3X8|1.0|1.0|970.402150272|-896.0|11.52|rock|-|SG001745|-|604
UTNTSkyEdge_tnt04c_553_1|553|1|0|80|80|928.0|-208.0|928.0|-192.0|928.5|-200.0|288.0|288.0|288.0|QROCK3|QROCK3X8|1.0|1.0|954.402150272|-896.0|11.52|rock|-|SG001746|-|605
UTNTSkyEdge_tnt04c_2709_1|2709|1|0|410|410|576.0|1476.0|560.0|1476.0|568.0|1476.5|240.0|240.0|240.0|ASHWALL2|ASHWALL2|1.0|1.0|0.0|0.0|2.88|rock|-|SG001747|-|606
UTNTSkyEdge_tnt04c_2712_1|2712|1|0|409|409|560.0|1468.0|576.0|1468.0|568.0|1467.5|240.0|240.0|240.0|ASHWALL2|ASHWALL2|1.0|1.0|0.0|0.0|2.88|rock|-|SG001748|-|607
UTNTSkyEdge_tnt04c_2813_1|2813|1|0|380|380|576.0|1508.0|560.0|1508.0|568.0|1508.5|240.0|240.0|240.0|ASHWALL2|ASHWALL2|1.0|1.0|0.0|0.0|2.88|rock|-|SG001749|-|608
UTNTSkyEdge_tnt04c_2816_0|2816|0|0|410|410|560.0|1500.0|576.0|1500.0|568.0|1499.5|240.0|240.0|240.0|ASHWALL2|ASHWALL2|1.0|1.0|0.0|0.0|2.88|rock|-|SG001747|-|606
UTNTSkyEdge_tnt04c_2819_0|2819|0|0|378|378|560.0|1436.0|576.0|1436.0|568.0|1435.5|240.0|240.0|240.0|ASHWALL2|ASHWALL2|1.0|1.0|0.0|0.0|2.88|rock|-|SG001750|-|609
UTNTSkyEdge_tnt04c_2822_0|2822|0|0|409|409|576.0|1444.0|560.0|1444.0|568.0|1444.5|240.0|240.0|240.0|ASHWALL2|ASHWALL2|1.0|1.0|0.0|0.0|2.88|rock|-|SG001748|-|607
UTNTSkyEdge_tnt04c_10483_0|10483|0|1|2040|2040|-1024.0|12256.0|-800.0|12000.0|-912.3762883473535|12127.670747696066|-4640.0|-4640.0|-4640.0|QROCK3X8|QROCK3X8|1.0|1.0|0.0|32.0|22|rock|-|SG001751|-|610
UTNTSkyEdge_tnt04c_12470_0|12470|0|1|2040|2040|-800.0|12000.0|-576.0|11872.0|-688.2480694691784|11935.565878428937|-4640.0|-4640.0|-4640.0|QROCK3X8|QROCK3X8|1.0|1.0|340.164666008|32.0|22|rock|-|SG001751|-|610
UTNTSkyEdge_tnt04c_12471_0|12471|0|1|2041|2041|2944.0|12000.0|3136.0|12224.0|3040.3796283011825|12111.674604313272|-4640.0|-4640.0|-4640.0|QROCK3X8|QROCK3X8|1.0|1.0|533.266656491|32.0|22|rock|-|SG001752|-|611
UTNTSkyEdge_tnt04c_12472_0|12472|0|1|2040|2040|-576.0|11872.0|-320.0|11872.0|-448.0|11871.5|-4640.0|-4640.0|-4640.0|QROCK3X8|QROCK3X8|1.0|1.0|598.156913953|32.0|22|rock|-|SG001751|-|610
UTNTSkyEdge_tnt04c_12473_0|12473|0|1|2059|2059|-320.0|11872.0|-128.0|11840.0|-224.08219949365267|11855.506803038084|-4640.0|-4640.0|-4640.0|QROCK3X8|QROCK3X8|1.0|1.0|0.0|32.0|22|rock|-|SG001753|-|612
UTNTSkyEdge_tnt04c_12474_0|12474|0|1|2059|2059|-128.0|11840.0|160.0|11904.0|16.108465228909328|11871.511906469908|-4640.0|-4640.0|-4640.0|QROCK3X8|QROCK3X8|1.0|1.0|194.64840097|32.0|22|rock|-|SG001753|-|612
UTNTSkyEdge_tnt04c_12475_0|12475|0|1|2059|2059|160.0|11904.0|320.0|12032.0|240.31234752377722|11967.609565595278|-4640.0|-4640.0|-4640.0|QROCK3X8|QROCK3X8|1.0|1.0|489.673823603|32.0|22|rock|-|SG001753|-|612
UTNTSkyEdge_tnt04c_12476_0|12476|0|1|2057|2057|320.0|12032.0|512.0|12160.0|416.2773500981126|12095.58397485283|-4640.0|-4640.0|-4640.0|QROCK3X8|QROCK3X8|1.0|1.0|0.0|32.0|22|rock|-|SG001754|-|613
UTNTSkyEdge_tnt04c_12477_0|12477|0|1|2057|2057|512.0|12160.0|576.0|12160.0|544.0|12159.5|-4640.0|-4640.0|-4640.0|QROCK3X8|QROCK3X8|1.0|1.0|230.75528163|32.0|22|rock|-|SG001754|-|613
UTNTSkyEdge_tnt04c_12478_0|12478|0|1|2057|2057|1600.0|12160.0|1696.0|12096.0|1647.7226499018873|12127.58397485283|-4640.0|-4640.0|-4640.0|QROCK3X8|QROCK3X8|1.0|1.0|324.0|32.0|22|rock|-|SG001754|-|613
UTNTSkyEdge_tnt04c_12479_0|12479|0|1|2057|2057|1696.0|12096.0|1792.0|11936.0|1743.5712535371438|12015.742752122287|-4640.0|-4640.0|-4640.0|QROCK3X8|QROCK3X8|1.0|1.0|439.377640815|32.0|22|rock|-|SG001754|-|613
UTNTSkyEdge_tnt04c_12480_0|12480|0|1|2057|2057|1792.0|11936.0|2048.0|11872.0|1919.8787321874818|11903.514928749928|-4640.0|-4640.0|-4640.0|QROCK3X8|QROCK3X8|1.0|1.0|625.96810145|32.0|22|rock|-|SG001754|-|613
UTNTSkyEdge_tnt04c_12481_0|12481|0|1|2058|2058|2048.0|11872.0|2464.0|11808.0|2255.923971407873|11839.505814151174|-4640.0|-4640.0|-4640.0|QROCK3X8|QROCK3X8|1.0|1.0|0.0|32.0|22|rock|-|SG001755|-|614
UTNTSkyEdge_tnt04c_12482_0|12482|0|1|2041|2041|2464.0|11808.0|2720.0|11840.0|2592.0620173672946|11823.503861061643|-4640.0|-4640.0|-4640.0|QROCK3X8|QROCK3X8|1.0|1.0|0.0|32.0|22|rock|-|SG001752|-|611
UTNTSkyEdge_tnt04c_12483_0|12483|0|1|2041|2041|2720.0|11840.0|2944.0|12000.0|2832.2906190968597|11919.593133264396|-4640.0|-4640.0|-4640.0|QROCK3X8|QROCK3X8|1.0|1.0|257.992247946|32.0|22|rock|-|SG001752|-|611
UTNTSkyEdge_tnt04c_12571_0|12571|0|0|2057|2057|576.0|12160.0|640.0|12160.0|608.0|12159.5|-4640.0|-4640.0|-4640.0|QROCK3|QROCK3X8|1.0|1.0|68.0|208.0|22|rock|-|SG001754|-|613
UTNTSkyEdge_tnt04c_12572_0|12572|0|0|2057|2057|1088.0|12160.0|1216.0|12160.0|1152.0|12159.5|-4640.0|-4640.0|-4640.0|QROCK3|QROCK3X8|1.0|1.0|68.0|8.0|22|rock|-|SG001754|-|613
UTNTSkyEdge_tnt04c_12574_0|12574|0|0|2057|2057|1216.0|12160.0|1280.0|12160.0|1248.0|12159.5|-4640.0|-4640.0|-4640.0|QROCK3|QROCK3X8|1.0|1.0|68.0|72.0|22|rock|-|SG001754|-|613
UTNTSkyEdge_tnt04c_12589_0|12589|0|0|2056|2056|832.0|12160.0|1088.0|12160.0|960.0|12159.5|-4640.0|-4640.0|-4640.0|QROCK3|QROCK3X8|1.0|1.0|68.0|-56.0|22|rock|-|SG001756|-|615
UTNTSkyEdge_tnt04c_12591_0|12591|0|0|2057|2057|704.0|12160.0|832.0|12160.0|768.0|12159.5|-4640.0|-4640.0|-4640.0|QROCK3|QROCK3X8|1.0|1.0|68.0|8.0|22|rock|-|SG001754|-|613
UTNTSkyEdge_tnt04c_12628_0|12628|0|0|2057|2057|640.0|12160.0|704.0|12160.0|672.0|12159.5|-4640.0|-4640.0|-4640.0|QROCK3|QROCK3X8|1.0|1.0|4.0|72.0|22|rock|-|SG001754|-|613
UTNTSkyEdge_tnt04c_12828_0|12828|0|0|2057|2057|1376.0|12160.0|1472.0|12160.0|1424.0|12159.5|-4640.0|-4640.0|-4640.0|QROCK3|QROCK3X8|1.0|1.0|100.0|440.0|22|rock|-|SG001754|-|613
UTNTSkyEdge_tnt04c_13361_1|13361|1|0|2057|2057|1280.0|12160.0|1344.0|12160.0|1312.0|12159.5|-4640.0|-4640.0|-4640.0|QROCK3|QROCK3X8|1.0|1.0|4.0|208.0|22|rock|-|SG001754|-|613
UTNTSkyEdge_tnt04c_13412_0|13412|0|1|2057|2057|1472.0|12160.0|1600.0|12160.0|1536.0|12159.5|-4640.0|-4640.0|-4640.0|QROCK3X8|QROCK3X8|1.0|1.0|196.0|32.0|22|rock|-|SG001754|-|613
UTNTSkyEdge_tnt04c_13434_0|13434|0|0|2121|2121|384.0|13376.0|384.0|13488.0|384.5|13432.0|-992.0|-992.0|-992.0|QROCK3|QROCK3X8|1.0|1.0|72.0|96.0|22|rock|-|SG001757|-|616
UTNTSkyEdge_tnt04c_13435_0|13435|0|0|2121|2121|384.0|13760.0|416.0|13808.0|400.4160251471689|13783.722649901887|-992.0|-992.0|-992.0|QROCK3|QROCK3X8|1.0|1.0|72.0|96.0|22|rock|-|SG001757|-|616
UTNTSkyEdge_tnt04c_13436_0|13436|0|0|2121|2121|512.0|13952.0|544.0|13984.0|528.3535533905932|13967.646446609408|-992.0|-992.0|-992.0|QROCK3|QROCK3X8|1.0|1.0|47.0|96.0|22|rock|-|SG001757|-|616
UTNTSkyEdge_tnt04c_13437_0|13437|0|0|2121|2121|576.0|14016.0|624.0|14048.0|600.2773500981126|14031.58397485283|-992.0|-992.0|-992.0|QROCK3|QROCK3X8|1.0|1.0|9.0|96.0|22|rock|-|SG001757|-|616
UTNTSkyEdge_tnt04c_13438_0|13438|0|0|2121|2121|768.0|14144.0|848.0|14144.0|808.0|14143.5|-992.0|-992.0|-992.0|QROCK3|QROCK3X8|1.0|1.0|96.0|96.0|22|rock|-|SG001757|-|616
UTNTSkyEdge_tnt04c_13439_0|13439|0|0|2121|2121|1152.0|14144.0|1248.0|14080.0|1199.7226499018873|14111.58397485283|-992.0|-992.0|-992.0|QROCK3|QROCK3X8|1.0|1.0|77.0|96.0|22|rock|-|SG001757|-|616
UTNTSkyEdge_tnt04c_13440_0|13440|0|0|2121|2121|1344.0|14016.0|1360.0|14000.0|1351.6464466094067|14007.646446609408|-992.0|-992.0|-992.0|QROCK3|QROCK3X8|1.0|1.0|52.0|96.0|22|rock|-|SG001757|-|616
UTNTSkyEdge_tnt04c_13441_0|13441|0|0|2121|2121|1408.0|13952.0|1440.0|13904.0|1423.583974852831|13927.722649901887|-992.0|-992.0|-992.0|QROCK3|QROCK3X8|1.0|1.0|15.0|96.0|22|rock|-|SG001757|-|616
UTNTSkyEdge_tnt04c_13442_0|13442|0|0|2121|2121|1536.0|13760.0|1536.0|13712.0|1535.5|13736.0|-992.0|-992.0|-992.0|QROCK3|QROCK3X8|1.0|1.0|118.0|96.0|22|rock|-|SG001757|-|616
UTNTSkyEdge_tnt04c_13443_0|13443|0|0|2121|2121|1536.0|13376.0|1472.0|13280.0|1503.583974852831|13328.277350098113|-992.0|-992.0|-992.0|QROCK3|QROCK3X8|1.0|1.0|118.0|96.0|22|rock|-|SG001757|-|616
UTNTSkyEdge_tnt04c_13444_0|13444|0|0|2121|2121|1408.0|13184.0|1376.0|13152.0|1391.6464466094067|13168.353553390592|-992.0|-992.0|-992.0|QROCK3|QROCK3X8|1.0|1.0|93.0|96.0|22|rock|-|SG001757|-|616
UTNTSkyEdge_tnt04c_13445_0|13445|0|0|2121|2121|1344.0|13120.0|1296.0|13088.0|1319.7226499018873|13104.41602514717|-992.0|-992.0|-992.0|QROCK3|QROCK3X8|1.0|1.0|55.0|96.0|22|rock|-|SG001757|-|616
UTNTSkyEdge_tnt04c_13446_0|13446|0|0|2121|2121|1152.0|12992.0|1088.0|12992.0|1120.0|12992.5|-992.0|-992.0|-992.0|QROCK3|QROCK3X8|1.0|1.0|31.0|96.0|22|rock|-|SG001757|-|616
UTNTSkyEdge_tnt04c_13447_0|13447|0|0|2121|2121|768.0|12992.0|672.0|13056.0|720.2773500981126|13024.41602514717|-992.0|-992.0|-992.0|QROCK3|QROCK3X8|1.0|1.0|31.0|96.0|22|rock|-|SG001757|-|616
UTNTSkyEdge_tnt04c_13448_0|13448|0|0|2121|2121|576.0|13120.0|560.0|13136.0|568.3535533905932|13128.353553390592|-992.0|-992.0|-992.0|QROCK3|QROCK3X8|1.0|1.0|6.0|96.0|22|rock|-|SG001757|-|616
UTNTSkyEdge_tnt04c_13449_0|13449|0|0|2121|2121|512.0|13184.0|480.0|13232.0|496.4160251471689|13208.277350098113|-992.0|-992.0|-992.0|QROCK3|QROCK3X8|1.0|1.0|97.0|96.0|22|rock|-|SG001757|-|616
UTNTSkyEdge_tnt04c_13466_0|13466|0|0|2121|2121|864.0|14144.0|960.0|14144.0|912.0|14143.5|-992.0|-992.0|-992.0|QROCK3|QROCK3X8|1.0|1.0|64.0|96.0|22|rock|-|SG001757|-|616
UTNTSkyEdge_tnt04c_13470_0|13470|0|0|2121|2121|960.0|14144.0|1056.0|14144.0|1008.0|14143.5|-992.0|-992.0|-992.0|QROCK3|QROCK3X8|1.0|1.0|32.0|96.0|22|rock|-|SG001757|-|616
UTNTSkyEdge_tnt04c_13473_0|13473|0|0|2121|2121|1056.0|14144.0|1088.0|14144.0|1072.0|14143.5|-992.0|-992.0|-992.0|QROCK3|QROCK3X8|1.0|1.0|0.0|96.0|22|rock|-|SG001757|-|616
UTNTSkyEdge_tnt04c_13475_0|13475|0|0|2121|2121|1088.0|14144.0|1152.0|14144.0|1120.0|14143.5|-992.0|-992.0|-992.0|QROCK3|QROCK3X8|1.0|1.0|13.0|96.0|22|rock|-|SG001757|-|616
UTNTSkyEdge_tnt04c_13479_0|13479|0|0|2121|2121|1248.0|14080.0|1296.0|14048.0|1271.7226499018873|14063.58397485283|-992.0|-992.0|-992.0|QROCK3|QROCK3X8|1.0|1.0|64.0|96.0|22|rock|-|SG001757|-|616
UTNTSkyEdge_tnt04c_13481_0|13481|0|0|2121|2121|1296.0|14048.0|1344.0|14016.0|1319.7226499018873|14031.58397485283|-992.0|-992.0|-992.0|QROCK3|QROCK3X8|1.0|1.0|122.0|96.0|22|rock|-|SG001757|-|616
UTNTSkyEdge_tnt04c_13484_0|13484|0|0|2121|2121|1360.0|14000.0|1408.0|13952.0|1383.6464466094067|13975.646446609408|-992.0|-992.0|-992.0|QROCK3|QROCK3X8|1.0|1.0|75.0|96.0|22|rock|-|SG001757|-|616
UTNTSkyEdge_tnt04c_13487_0|13487|0|0|2121|2121|1440.0|13904.0|1504.0|13808.0|1471.583974852831|13855.722649901887|-992.0|-992.0|-992.0|QROCK3|QROCK3X8|1.0|1.0|73.0|96.0|22|rock|-|SG001757|-|616
UTNTSkyEdge_tnt04c_13490_0|13490|0|0|2121|2121|1504.0|13808.0|1536.0|13760.0|1519.583974852831|13783.722649901887|-992.0|-992.0|-992.0|QROCK3|QROCK3X8|1.0|1.0|60.0|96.0|22|rock|-|SG001757|-|616
UTNTSkyEdge_tnt04c_13493_0|13493|0|0|2121|2121|1536.0|13712.0|1536.0|13632.0|1535.5|13672.0|-992.0|-992.0|-992.0|QROCK3|QROCK3X8|1.0|1.0|38.0|96.0|22|rock|-|SG001757|-|616
UTNTSkyEdge_tnt04c_13497_0|13497|0|0|2121|2121|1536.0|13632.0|1536.0|13504.0|1535.5|13568.0|-992.0|-992.0|-992.0|QROCK3|QROCK3X8|1.0|1.0|118.0|96.0|22|rock|-|SG001757|-|616
UTNTSkyEdge_tnt04c_13499_0|13499|0|0|2121|2121|1536.0|13504.0|1536.0|13456.0|1535.5|13480.0|-992.0|-992.0|-992.0|QROCK3|QROCK3X8|1.0|1.0|118.0|96.0|22|rock|-|SG001757|-|616
UTNTSkyEdge_tnt04c_13503_0|13503|0|0|2121|2121|1536.0|13456.0|1536.0|13424.0|1535.5|13440.0|-992.0|-992.0|-992.0|QROCK3|QROCK3X8|1.0|1.0|38.0|96.0|22|rock|-|SG001757|-|616
UTNTSkyEdge_tnt04c_13505_0|13505|0|0|2121|2121|1536.0|13424.0|1536.0|13376.0|1535.5|13400.0|-992.0|-992.0|-992.0|QROCK3|QROCK3X8|1.0|1.0|70.0|96.0|22|rock|-|SG001757|-|616
UTNTSkyEdge_tnt04c_13508_0|13508|0|0|2121|2121|1472.0|13280.0|1440.0|13232.0|1455.583974852831|13256.277350098113|-992.0|-992.0|-992.0|QROCK3|QROCK3X8|1.0|1.0|105.0|96.0|22|rock|-|SG001757|-|616
UTNTSkyEdge_tnt04c_13511_0|13511|0|0|2121|2121|1440.0|13232.0|1408.0|13184.0|1423.583974852831|13208.277350098113|-992.0|-992.0|-992.0|QROCK3|QROCK3X8|1.0|1.0|35.0|96.0|22|rock|-|SG001757|-|616
UTNTSkyEdge_tnt04c_13514_0|13514|0|0|2121|2121|1376.0|13152.0|1344.0|13120.0|1359.6464466094067|13136.353553390592|-992.0|-992.0|-992.0|QROCK3|QROCK3X8|1.0|1.0|10.0|96.0|22|rock|-|SG001757|-|616
UTNTSkyEdge_tnt04c_13517_0|13517|0|0|2121|2121|1248.0|13056.0|1200.0|13024.0|1223.7226499018873|13040.41602514717|-992.0|-992.0|-992.0|QROCK3|QROCK3X8|1.0|1.0|43.0|96.0|22|rock|-|SG001757|-|616
UTNTSkyEdge_tnt04c_13520_0|13520|0|0|2121|2121|1296.0|13088.0|1248.0|13056.0|1271.7226499018873|13072.41602514717|-992.0|-992.0|-992.0|QROCK3|QROCK3X8|1.0|1.0|113.0|96.0|22|rock|-|SG001757|-|616
UTNTSkyEdge_tnt04c_13523_0|13523|0|0|2121|2121|1200.0|13024.0|1152.0|12992.0|1175.7226499018873|13008.41602514717|-992.0|-992.0|-992.0|QROCK3|QROCK3X8|1.0|1.0|101.0|96.0|22|rock|-|SG001757|-|616
UTNTSkyEdge_tnt04c_13526_0|13526|0|0|2121|2121|784.0|12992.0|768.0|12992.0|776.0|12992.5|-992.0|-992.0|-992.0|QROCK3|QROCK3X8|1.0|1.0|15.0|96.0|22|rock|-|SG001757|-|616
UTNTSkyEdge_tnt04c_13530_0|13530|0|0|2121|2121|992.0|12992.0|784.0|12992.0|888.0|12992.5|-992.0|-992.0|-992.0|QROCK3|QROCK3X8|1.0|1.0|63.0|96.0|22|rock|-|SG001757|-|616
UTNTSkyEdge_tnt04c_13532_0|13532|0|0|2121|2121|1072.0|12992.0|992.0|12992.0|1032.0|12992.5|-992.0|-992.0|-992.0|QROCK3|QROCK3X8|1.0|1.0|111.0|96.0|22|rock|-|SG001757|-|616
UTNTSkyEdge_tnt04c_13535_0|13535|0|0|2121|2121|1088.0|12992.0|1072.0|12992.0|1080.0|12992.5|-992.0|-992.0|-992.0|QROCK3|QROCK3X8|1.0|1.0|95.0|96.0|22|rock|-|SG001757|-|616
UTNTSkyEdge_tnt04c_13539_0|13539|0|0|2121|2121|672.0|13056.0|624.0|13088.0|648.2773500981126|13072.41602514717|-992.0|-992.0|-992.0|QROCK3|QROCK3X8|1.0|1.0|18.0|96.0|22|rock|-|SG001757|-|616
UTNTSkyEdge_tnt04c_13542_0|13542|0|0|2121|2121|560.0|13136.0|528.0|13168.0|544.3535533905932|13152.353553390592|-992.0|-992.0|-992.0|QROCK3|QROCK3X8|1.0|1.0|29.0|96.0|22|rock|-|SG001757|-|616
UTNTSkyEdge_tnt04c_13545_0|13545|0|0|2121|2121|528.0|13168.0|512.0|13184.0|520.3535533905932|13176.353553390592|-992.0|-992.0|-992.0|QROCK3|QROCK3X8|1.0|1.0|74.0|96.0|22|rock|-|SG001757|-|616
UTNTSkyEdge_tnt04c_13547_0|13547|0|0|2121|2121|624.0|13088.0|576.0|13120.0|600.2773500981126|13104.41602514717|-992.0|-992.0|-992.0|QROCK3|QROCK3X8|1.0|1.0|76.0|96.0|22|rock|-|SG001757|-|616
UTNTSkyEdge_tnt04c_13551_0|13551|0|0|2121|2121|416.0|13328.0|384.0|13376.0|400.4160251471689|13352.277350098113|-992.0|-992.0|-992.0|QROCK3|QROCK3X8|1.0|1.0|14.0|96.0|22|rock|-|SG001757|-|616
UTNTSkyEdge_tnt04c_13553_0|13553|0|0|2121|2121|480.0|13232.0|416.0|13328.0|448.4160251471689|13280.277350098113|-992.0|-992.0|-992.0|QROCK3|QROCK3X8|1.0|1.0|27.0|96.0|22|rock|-|SG001757|-|616
UTNTSkyEdge_tnt04c_13557_0|13557|0|0|2121|2121|384.0|13488.0|384.0|13504.0|384.5|13496.0|-992.0|-992.0|-992.0|QROCK3|QROCK3X8|1.0|1.0|56.0|96.0|22|rock|-|SG001757|-|616
UTNTSkyEdge_tnt04c_13559_0|13559|0|0|2121|2121|384.0|13504.0|384.0|13616.0|384.5|13560.0|-992.0|-992.0|-992.0|QROCK3|QROCK3X8|1.0|1.0|72.0|96.0|22|rock|-|SG001757|-|616
UTNTSkyEdge_tnt04c_13563_0|13563|0|0|2121|2121|384.0|13616.0|384.0|13664.0|384.5|13640.0|-992.0|-992.0|-992.0|QROCK3|QROCK3X8|1.0|1.0|56.0|96.0|22|rock|-|SG001757|-|616
UTNTSkyEdge_tnt04c_13565_0|13565|0|0|2121|2121|384.0|13664.0|384.0|13680.0|384.5|13672.0|-992.0|-992.0|-992.0|QROCK3|QROCK3X8|1.0|1.0|104.0|96.0|22|rock|-|SG001757|-|616
UTNTSkyEdge_tnt04c_13569_0|13569|0|0|2121|2121|384.0|13680.0|384.0|13760.0|384.5|13720.0|-992.0|-992.0|-992.0|QROCK3|QROCK3X8|1.0|1.0|120.0|96.0|22|rock|-|SG001757|-|616
UTNTSkyEdge_tnt04c_13572_0|13572|0|0|2121|2121|544.0|13984.0|576.0|14016.0|560.3535533905932|13999.646446609408|-992.0|-992.0|-992.0|QROCK3|QROCK3X8|1.0|1.0|92.0|96.0|22|rock|-|SG001757|-|616
UTNTSkyEdge_tnt04c_13575_0|13575|0|0|2121|2121|480.0|13904.0|512.0|13952.0|496.4160251471689|13927.722649901887|-992.0|-992.0|-992.0|QROCK3|QROCK3X8|1.0|1.0|117.0|96.0|22|rock|-|SG001757|-|616
UTNTSkyEdge_tnt04c_13577_0|13577|0|0|2121|2121|416.0|13808.0|480.0|13904.0|448.4160251471689|13855.722649901887|-992.0|-992.0|-992.0|QROCK3|QROCK3X8|1.0|1.0|2.0|96.0|22|rock|-|SG001757|-|616
UTNTSkyEdge_tnt04c_13581_0|13581|0|0|2121|2121|672.0|14080.0|720.0|14112.0|696.2773500981126|14095.58397485283|-992.0|-992.0|-992.0|QROCK3|QROCK3X8|1.0|1.0|125.0|96.0|22|rock|-|SG001757|-|616
UTNTSkyEdge_tnt04c_13584_0|13584|0|0|2121|2121|624.0|14048.0|672.0|14080.0|648.2773500981126|14063.58397485283|-992.0|-992.0|-992.0|QROCK3|QROCK3X8|1.0|1.0|67.0|96.0|22|rock|-|SG001757|-|616
UTNTSkyEdge_tnt04c_13587_0|13587|0|0|2121|2121|720.0|14112.0|768.0|14144.0|744.2773500981126|14127.58397485283|-992.0|-992.0|-992.0|QROCK3|QROCK3X8|1.0|1.0|55.0|96.0|22|rock|-|SG001757|-|616
UTNTSkyEdge_tnt04c_13589_0|13589|0|0|2121|2121|848.0|14144.0|864.0|14144.0|856.0|14143.5|-992.0|-992.0|-992.0|QROCK3|QROCK3X8|1.0|1.0|48.0|96.0|22|rock|-|SG001757|-|616
UTNTSkyEdge_tnt04c_15020_0|15020|0|1|2057|2057|1344.0|12160.0|1376.0|12160.0|1360.0|12159.5|-4640.0|-4640.0|-4640.0|QROCK3|QROCK3X8|1.0|1.0|68.0|32.0|22|rock|-|SG001754|-|613
UTNTSkyEdge_tnt04c_377_0_terrain_1_0|377|0|2|0|99|1056.0|-64.0|1152.0|-64.0|1104.0|-64.5|-32.0|-32.0|-32.0|QROCK3|QROCK3X8|1.0|1.0|79.0|32.0|8|rock|-|SG001742|-|601|1|0|99|XA02TEX|-|1.0|1.0|0.0|0.0|0.0|QROCK3X8|-|1.0|1.0|79.0|32.0|-144.0|-144.0|-32.0|-32.0|288.0|288.0|288.0|288.0
UTNTSkyEdge_tnt04c_377_0_terrain_1_1|377|0|2|0|99|1056.0|-64.0|1152.0|-64.0|1104.0|-63.5|-32.0|-32.0|-32.0|QROCK3|XA02TEX|1.0|1.0|0.0|0.0|8|gravel|-|SG001758|-|602|1|1|99|XA02TEX|-|1.0|1.0|0.0|0.0|0.0|QROCK3X8|-|1.0|1.0|79.0|32.0|-144.0|-144.0|-32.0|-32.0|288.0|288.0|288.0|288.0
UTNTSkyEdge_tnt04c_384_0_terrain_1_0|384|0|2|0|97|1120.0|-192.0|1056.0|-192.0|1088.0|-191.5|-32.0|-32.0|-32.0|QROCK3|QROCK3X8|1.0|1.0|405.61652589|32.0|8|rock|-|SG001742|-|601|1|0|97|XA02TEX|-|1.0|1.0|0.0|0.0|0.0|QROCK3X8|-|1.0|1.0|405.61652589|32.0|-144.0|-144.0|-32.0|-32.0|288.0|288.0|288.0|288.0
UTNTSkyEdge_tnt04c_384_0_terrain_1_1|384|0|2|0|97|1120.0|-192.0|1056.0|-192.0|1088.0|-192.5|-32.0|-32.0|-32.0|QROCK3|XA02TEX|1.0|1.0|0.0|0.0|8|gravel|-|SG001759|-|600|1|1|97|XA02TEX|-|1.0|1.0|0.0|0.0|0.0|QROCK3X8|-|1.0|1.0|405.61652589|32.0|-144.0|-144.0|-32.0|-32.0|288.0|288.0|288.0|288.0
UTNTSkyEdge_tnt04c_389_0_terrain_1_0|389|0|2|0|97|1200.0|-192.0|1152.0|-208.0|1175.8418861169916|-199.52565835097474|-32.0|-32.0|-32.0|QROCK3|QROCK3X8|1.0|1.0|319.242995687|32.0|8|rock|-|SG001742|-|601|1|0|97|XA02TEX|-|1.0|1.0|0.0|0.0|0.0|QROCK3X8|-|1.0|1.0|319.242995687|32.0|-144.0|-144.0|-32.0|-32.0|288.0|288.0|288.0|288.0
UTNTSkyEdge_tnt04c_389_0_terrain_1_1|389|0|2|0|97|1200.0|-192.0|1152.0|-208.0|1176.1581138830084|-200.47434164902526|-32.0|-32.0|-32.0|QROCK3|XA02TEX|1.0|1.0|0.0|0.0|8|gravel|-|SG001759|-|600|1|1|97|XA02TEX|-|1.0|1.0|0.0|0.0|0.0|QROCK3X8|-|1.0|1.0|319.242995687|32.0|-144.0|-144.0|-32.0|-32.0|288.0|288.0|288.0|288.0
UTNTSkyEdge_tnt04c_390_0_terrain_1_0|390|0|2|0|97|1152.0|-208.0|1120.0|-192.0|1136.2236067977499|-199.55278640450004|-32.0|-32.0|-32.0|QROCK3|QROCK3X8|1.0|1.0|369.83943825|32.0|8|rock|-|SG001742|-|601|1|0|97|XA02TEX|-|1.0|1.0|0.0|0.0|0.0|QROCK3X8|-|1.0|1.0|369.83943825|32.0|-144.0|-144.0|-32.0|-32.0|288.0|288.0|288.0|288.0
UTNTSkyEdge_tnt04c_390_0_terrain_1_1|390|0|2|0|97|1152.0|-208.0|1120.0|-192.0|1135.7763932022501|-200.44721359549996|-32.0|-32.0|-32.0|QROCK3|XA02TEX|1.0|1.0|0.0|0.0|8|gravel|-|SG001759|-|600|1|1|97|XA02TEX|-|1.0|1.0|0.0|0.0|0.0|QROCK3X8|-|1.0|1.0|369.83943825|32.0|-144.0|-144.0|-32.0|-32.0|288.0|288.0|288.0|288.0
UTNTSkyEdge_tnt04c_10064_0_terrain_1_0|10064|0|2|2041|2023|1136.0|11296.0|1168.0|11376.0|1152.4642383454427|11335.814304661822|-6152.0|-6152.0|-6152.0|QROCK3|QROCK3X8|1.0|1.0|156.882250994|8.0|8|rock|-|SG001752|-|611|1|0|2023|XA02TEX|-|1.0|1.0|0.0|0.0|0.0|QROCK3X8|-|1.0|1.0|156.882250994|8.0|-6576.0|-6576.0|-6152.0|-6152.0|-4640.0|-4640.0|-4984.0|-4984.0
UTNTSkyEdge_tnt04c_10064_0_terrain_1_1|10064|0|2|2041|2023|1136.0|11296.0|1168.0|11376.0|1151.5357616545573|11336.185695338178|-6152.0|-6152.0|-6152.0|QROCK3|XA02TEX|1.0|1.0|0.0|0.0|8|gravel|-|SG001760|-|617|1|1|2023|XA02TEX|-|1.0|1.0|0.0|0.0|0.0|QROCK3X8|-|1.0|1.0|156.882250994|8.0|-6576.0|-6576.0|-6152.0|-6152.0|-4640.0|-4640.0|-4984.0|-4984.0
UTNTSkyEdge_tnt04c_10074_0_terrain_1_0|10074|0|2|2041|2023|1168.0|11376.0|1088.0|11440.0|1128.3123475237771|11408.390434404722|-6152.0|-6152.0|-6152.0|QROCK3|QROCK3X8|1.0|1.0|243.044887908|8.0|8|rock|-|SG001752|-|611|1|0|2023|XA02TEX|-|1.0|1.0|0.0|0.0|0.0|QROCK3X8|-|1.0|1.0|243.044887908|8.0|-6576.0|-6576.0|-6152.0|-6152.0|-4640.0|-4640.0|-4984.0|-4984.0
UTNTSkyEdge_tnt04c_10074_0_terrain_1_1|10074|0|2|2041|2023|1168.0|11376.0|1088.0|11440.0|1127.6876524762229|11407.609565595278|-6152.0|-6152.0|-6152.0|QROCK3|XA02TEX|1.0|1.0|0.0|0.0|8|gravel|-|SG001760|-|617|1|1|2023|XA02TEX|-|1.0|1.0|0.0|0.0|0.0|QROCK3X8|-|1.0|1.0|243.044887908|8.0|-6576.0|-6576.0|-6152.0|-6152.0|-4640.0|-4640.0|-4984.0|-4984.0
UTNTSkyEdge_tnt04c_10075_0_terrain_1_0|10075|0|2|2040|2023|672.0|11248.0|704.0|11168.0|687.5357616545574|11207.814304661822|-6152.0|-6152.0|-6152.0|QROCK3|QROCK3X8|1.0|1.0|771.586916431|8.0|8|rock|-|SG001751|-|610|1|0|2023|XA02TEX|-|1.0|1.0|0.0|0.0|0.0|QROCK3X8|-|1.0|1.0|771.586916431|8.0|-6576.0|-6576.0|-6152.0|-6152.0|-4640.0|-4640.0|-4984.0|-4984.0
UTNTSkyEdge_tnt04c_10075_0_terrain_1_1|10075|0|2|2040|2023|672.0|11248.0|704.0|11168.0|688.4642383454426|11208.185695338178|-6152.0|-6152.0|-6152.0|QROCK3|XA02TEX|1.0|1.0|0.0|0.0|8|gravel|-|SG001760|-|617|1|1|2023|XA02TEX|-|1.0|1.0|0.0|0.0|0.0|QROCK3X8|-|1.0|1.0|771.586916431|8.0|-6576.0|-6576.0|-6152.0|-6152.0|-4640.0|-4640.0|-4984.0|-4984.0
UTNTSkyEdge_tnt04c_10081_0_terrain_1_0|10081|0|2|2041|2023|1136.0|11216.0|1136.0|11296.0|1136.5|11256.0|-6152.0|-6152.0|-6152.0|QROCK3|QROCK3X8|1.0|1.0|76.882250994|8.0|8|rock|-|SG001752|-|611|1|0|2023|XA02TEX|-|1.0|1.0|0.0|0.0|0.0|QROCK3X8|-|1.0|1.0|76.882250994|8.0|-6576.0|-6576.0|-6152.0|-6152.0|-4640.0|-4640.0|-4984.0|-4984.0
UTNTSkyEdge_tnt04c_10081_0_terrain_1_1|10081|0|2|2041|2023|1136.0|11216.0|1136.0|11296.0|1135.5|11256.0|-6152.0|-6152.0|-6152.0|QROCK3|XA02TEX|1.0|1.0|0.0|0.0|8|gravel|-|SG001760|-|617|1|1|2023|XA02TEX|-|1.0|1.0|0.0|0.0|0.0|QROCK3X8|-|1.0|1.0|76.882250994|8.0|-6576.0|-6576.0|-6152.0|-6152.0|-4640.0|-4640.0|-4984.0|-4984.0
UTNTSkyEdge_tnt04c_12467_0_terrain_1_0|12467|0|2|2041|2042|1088.0|11440.0|1088.0|11488.0|1088.5|11464.0|-6160.0|-6160.0|-6160.0|QROCK3|QROCK3X8|1.0|1.0|345.494875707|16.0|8|rock|-|SG001752|-|611|1|0|2042|XA02TEX|-|1.0|1.0|0.0|0.0|0.0|QROCK3X8|-|1.0|1.0|345.494875707|16.0|-6576.0|-6576.0|-6160.0|-6160.0|-4640.0|-4640.0|-5032.0|-5032.0
UTNTSkyEdge_tnt04c_12467_0_terrain_1_1|12467|0|2|2041|2042|1088.0|11440.0|1088.0|11488.0|1087.5|11464.0|-6160.0|-6160.0|-6160.0|QROCK3|XA02TEX|1.0|1.0|0.0|0.0|8|gravel|-|SG001761|-|618|1|1|2042|XA02TEX|-|1.0|1.0|0.0|0.0|0.0|QROCK3X8|-|1.0|1.0|345.494875707|16.0|-6576.0|-6576.0|-6160.0|-6160.0|-4640.0|-4640.0|-5032.0|-5032.0
UTNTSkyEdge_tnt04c_12469_0_terrain_1_0|12469|0|2|2041|2023|1088.0|11168.0|1136.0|11216.0|1112.3535533905933|11191.646446609408|-6152.0|-6152.0|-6152.0|QROCK3|QROCK3X8|1.0|1.0|9.0|8.0|8|rock|-|SG001752|-|611|1|0|2023|XA02TEX|-|1.0|1.0|0.0|0.0|0.0|QROCK3X8|-|1.0|1.0|9.0|8.0|-6576.0|-6576.0|-6152.0|-6152.0|-4640.0|-4640.0|-4984.0|-4984.0
UTNTSkyEdge_tnt04c_12469_0_terrain_1_1|12469|0|2|2041|2023|1088.0|11168.0|1136.0|11216.0|1111.6464466094067|11192.353553390592|-6152.0|-6152.0|-6152.0|QROCK3|XA02TEX|1.0|1.0|0.0|0.0|8|gravel|-|SG001760|-|617|1|1|2023|XA02TEX|-|1.0|1.0|0.0|0.0|0.0|QROCK3X8|-|1.0|1.0|9.0|8.0|-6576.0|-6576.0|-6152.0|-6152.0|-4640.0|-4640.0|-4984.0|-4984.0
UTNTSkyEdge_tnt04c_12474_0_terrain_2_1|12474|0|1|2059|2059|-128.0|11840.0|160.0|11904.0|16.108465228909328|11871.511906469908|-6000.0|-6000.0|-6000.0|QROCK3X8|QROCK3X8|1.0|1.0|0.0|0.0|14|rock|-|SG001762|-|612|2|1|2059|QROCK3X8|-|1.0|1.0|0.0|0.0|0.0|QROCK3X8|-|1.0|1.0|194.64840097|32.0|-6000.0|-6000.0|0|0|-4640.0|-4640.0|0|0
UTNTSkyEdge_tnt04c_12475_0_terrain_2_1|12475|0|1|2059|2059|160.0|11904.0|320.0|12032.0|240.31234752377722|11967.609565595278|-6000.0|-6000.0|-6000.0|QROCK3X8|QROCK3X8|1.0|1.0|0.0|0.0|14|rock|-|SG001763|-|612|2|1|2059|QROCK3X8|-|1.0|1.0|0.0|0.0|0.0|QROCK3X8|-|1.0|1.0|489.673823603|32.0|-6000.0|-6000.0|0|0|-4640.0|-4640.0|0|0
UTNTSkyEdge_tnt04c_12476_0_terrain_2_1|12476|0|1|2057|2057|320.0|12032.0|512.0|12160.0|416.2773500981126|12095.58397485283|-6192.0|-6192.0|-6192.0|QROCK3X8|XA02TEX|1.0|1.0|0.0|0.0|14|gravel|-|SG001764|-|613|2|1|2057|XA02TEX|-|1.0|1.0|0.0|0.0|0.0|QROCK3X8|-|1.0|1.0|0.0|32.0|-6192.0|-6192.0|0|0|-4640.0|-4640.0|0|0
UTNTSkyEdge_tnt04c_12479_0_terrain_2_1|12479|0|1|2057|2057|1696.0|12096.0|1792.0|11936.0|1743.5712535371438|12015.742752122287|-6192.0|-6192.0|-6192.0|QROCK3X8|XA02TEX|1.0|1.0|0.0|0.0|14|gravel|-|SG001765|-|613|2|1|2057|XA02TEX|-|1.0|1.0|0.0|0.0|0.0|QROCK3X8|-|1.0|1.0|439.377640815|32.0|-6192.0|-6192.0|0|0|-4640.0|-4640.0|0|0
UTNTSkyEdge_tnt04c_12480_0_terrain_2_1|12480|0|1|2057|2057|1792.0|11936.0|2048.0|11872.0|1919.8787321874818|11903.514928749928|-6192.0|-6192.0|-6192.0|QROCK3X8|XA02TEX|1.0|1.0|0.0|0.0|14|gravel|-|SG001766|-|613|2|1|2057|XA02TEX|-|1.0|1.0|0.0|0.0|0.0|QROCK3X8|-|1.0|1.0|625.96810145|32.0|-6192.0|-6192.0|0|0|-4640.0|-4640.0|0|0
UTNTSkyEdge_tnt04c_12484_0_terrain_1_0|12484|0|2|2040|2059|-320.0|11872.0|-224.0|11712.0|-272.4287464628563|11791.742752122287|-6000.0|-6000.0|-6000.0|QROCK3X8|QROCK3X8|1.0|1.0|0.0|112.0|14|rock|-|SG001767|-|610|1|0|2059|QROCK3X8|-|1.0|1.0|0.0|0.0|0.0|QROCK3X8|-|1.0|1.0|0.0|112.0|-6576.0|-6576.0|-6000.0|-6000.0|-4640.0|-4640.0|-4640.0|-4640.0
UTNTSkyEdge_tnt04c_12484_0_terrain_1_1|12484|0|2|2040|2059|-320.0|11872.0|-224.0|11712.0|-271.5712535371437|11792.257247877713|-6000.0|-6000.0|-6000.0|QROCK3X8|QROCK3X8|1.0|1.0|0.0|0.0|14|rock|-|SG001768|-|612|1|1|2059|QROCK3X8|-|1.0|1.0|0.0|0.0|0.0|QROCK3X8|-|1.0|1.0|0.0|112.0|-6576.0|-6576.0|-6000.0|-6000.0|-4640.0|-4640.0|-4640.0|-4640.0
UTNTSkyEdge_tnt04c_12485_0_terrain_1_0|12485|0|2|2040|2059|-224.0|11712.0|-32.0|11584.0|-128.2773500981126|11647.58397485283|-6000.0|-6000.0|-6000.0|QROCK3X8|QROCK3X8|1.0|1.0|186.590460635|112.0|14|rock|-|SG001767|-|610|1|0|2059|QROCK3X8|-|1.0|1.0|0.0|0.0|0.0|QROCK3X8|-|1.0|1.0|186.590460635|112.0|-6576.0|-6576.0|-6000.0|-6000.0|-4640.0|-4640.0|-4640.0|-4640.0
UTNTSkyEdge_tnt04c_12485_0_terrain_1_1|12485|0|2|2040|2059|-224.0|11712.0|-32.0|11584.0|-127.72264990188738|11648.41602514717|-6000.0|-6000.0|-6000.0|QROCK3X8|QROCK3X8|1.0|1.0|0.0|0.0|14|rock|-|SG001768|-|612|1|1|2059|QROCK3X8|-|1.0|1.0|0.0|0.0|0.0|QROCK3X8|-|1.0|1.0|186.590460635|112.0|-6576.0|-6576.0|-6000.0|-6000.0|-4640.0|-4640.0|-4640.0|-4640.0
UTNTSkyEdge_tnt04c_12486_0_terrain_1_0|12486|0|2|2040|2059|-32.0|11584.0|224.0|11616.0|96.0620173672946|11599.503861061643|-6000.0|-6000.0|-6000.0|QROCK3X8|QROCK3X8|1.0|1.0|417.345742265|112.0|14|rock|-|SG001767|-|610|1|0|2059|QROCK3X8|-|1.0|1.0|0.0|0.0|0.0|QROCK3X8|-|1.0|1.0|417.345742265|112.0|-6576.0|-6576.0|-6000.0|-6000.0|-4640.0|-4640.0|-4640.0|-4640.0
UTNTSkyEdge_tnt04c_12486_0_terrain_1_1|12486|0|2|2040|2059|-32.0|11584.0|224.0|11616.0|95.9379826327054|11600.496138938357|-6000.0|-6000.0|-6000.0|QROCK3X8|QROCK3X8|1.0|1.0|0.0|0.0|14|rock|-|SG001768|-|612|1|1|2059|QROCK3X8|-|1.0|1.0|0.0|0.0|0.0|QROCK3X8|-|1.0|1.0|417.345742265|112.0|-6576.0|-6576.0|-6000.0|-6000.0|-4640.0|-4640.0|-4640.0|-4640.0
UTNTSkyEdge_tnt04c_12487_0_terrain_1_0|12487|0|2|2040|2059|224.0|11616.0|384.0|11712.0|304.2572478777138|11663.571253537144|-6000.0|-6000.0|-6000.0|QROCK3X8|QROCK3X8|1.0|1.0|675.33799021|112.0|14|rock|-|SG001767|-|610|1|0|2059|QROCK3X8|-|1.0|1.0|0.0|0.0|0.0|QROCK3X8|-|1.0|1.0|675.33799021|112.0|-6576.0|-6576.0|-6000.0|-6000.0|-4640.0|-4640.0|-4640.0|-4640.0
UTNTSkyEdge_tnt04c_12487_0_terrain_1_1|12487|0|2|2040|2059|224.0|11616.0|384.0|11712.0|303.7427521222862|11664.428746462856|-6000.0|-6000.0|-6000.0|QROCK3X8|QROCK3X8|1.0|1.0|0.0|0.0|14|rock|-|SG001768|-|612|1|1|2059|QROCK3X8|-|1.0|1.0|0.0|0.0|0.0|QROCK3X8|-|1.0|1.0|675.33799021|112.0|-6576.0|-6576.0|-6000.0|-6000.0|-4640.0|-4640.0|-4640.0|-4640.0
UTNTSkyEdge_tnt04c_12488_0_terrain_1_0|12488|0|2|2040|2057|384.0|11712.0|640.0|11648.0|511.87873218748183|11679.514928749928|-6192.0|-6192.0|-6192.0|QROCK3|QROCK3X8|1.0|1.0|13.0|48.0|8|rock|-|SG001751|-|610|1|0|2057|XA02TEX|-|1.0|1.0|0.0|0.0|0.0|QROCK3X8|-|1.0|1.0|13.0|48.0|-6576.0|-6576.0|-6192.0|-6192.0|-4640.0|-4640.0|-4640.0|-4640.0
UTNTSkyEdge_tnt04c_12488_0_terrain_1_1|12488|0|2|2040|2057|384.0|11712.0|640.0|11648.0|512.1212678125181|11680.485071250072|-6192.0|-6192.0|-6192.0|QROCK3|XA02TEX|1.0|1.0|0.0|0.0|8|gravel|-|SG001769|-|613|1|1|2057|XA02TEX|-|1.0|1.0|0.0|0.0|0.0|QROCK3X8|-|1.0|1.0|13.0|48.0|-6576.0|-6576.0|-6192.0|-6192.0|-4640.0|-4640.0|-4640.0|-4640.0
UTNTSkyEdge_tnt04c_12489_0_terrain_1_0|12489|0|2|2040|2057|640.0|11648.0|704.0|11584.0|671.6464466094068|11615.646446609408|-6192.0|-6192.0|-6192.0|QROCK3|QROCK3X8|1.0|1.0|276.87876004|48.0|8|rock|-|SG001751|-|610|1|0|2057|XA02TEX|-|1.0|1.0|0.0|0.0|0.0|QROCK3X8|-|1.0|1.0|276.87876004|48.0|-6576.0|-6576.0|-6192.0|-6192.0|-4640.0|-4640.0|-4640.0|-4640.0
UTNTSkyEdge_tnt04c_12489_0_terrain_1_1|12489|0|2|2040|2057|640.0|11648.0|704.0|11584.0|672.3535533905932|11616.353553390592|-6192.0|-6192.0|-6192.0|QROCK3|XA02TEX|1.0|1.0|0.0|0.0|8|gravel|-|SG001769|-|613|1|1|2057|XA02TEX|-|1.0|1.0|0.0|0.0|0.0|QROCK3X8|-|1.0|1.0|276.87876004|48.0|-6576.0|-6576.0|-6192.0|-6192.0|-4640.0|-4640.0|-4640.0|-4640.0
UTNTSkyEdge_tnt04c_12490_1_terrain_1_0|12490|1|2|2044|2042|896.0|11456.0|768.0|11520.0|832.22360679775|11488.4472135955|-6160.0|-6160.0|-6160.0|GRAVE02|XA02TEX|1.0|1.0|194.64840097|16.0|3.84|gravel|-|SG001770|-|619|1|0|2042|XA02TEX|-|1.0|1.0|0.0|0.0|0.0|XA02TEX|-|1.0|1.0|194.64840097|16.0|-6184.0|-6184.0|-6160.0|-6160.0|-4984.0|-4984.0|-5032.0|-5032.0
UTNTSkyEdge_tnt04c_12490_1_terrain_1_1|12490|1|2|2044|2042|896.0|11456.0|768.0|11520.0|831.77639320225|11487.5527864045|-6160.0|-6160.0|-6160.0|GRAVE02|XA02TEX|1.0|1.0|0.0|0.0|3.84|gravel|-|SG001761|-|618|1|1|2042|XA02TEX|-|1.0|1.0|0.0|0.0|0.0|XA02TEX|-|1.0|1.0|194.64840097|16.0|-6184.0|-6184.0|-6160.0|-6160.0|-4984.0|-4984.0|-5032.0|-5032.0
UTNTSkyEdge_tnt04c_12491_1_terrain_1_0|12491|1|2|1607|2042|1088.0|11488.0|896.0|11456.0|991.9178005063474|11472.493196961916|-6160.0|-6160.0|-6160.0|GRAVE02|XA02TEX|1.0|1.0|0.0|16.0|2.56|gravel|-|SG001771|-|620|1|0|2042|XA02TEX|-|1.0|1.0|0.0|0.0|0.0|XA02TEX|-|1.0|1.0|0.0|16.0|-6176.0|-6176.0|-6160.0|-6160.0|-4984.0|-4984.0|-5032.0|-5032.0
UTNTSkyEdge_tnt04c_12491_1_terrain_1_1|12491|1|2|1607|2042|1088.0|11488.0|896.0|11456.0|992.0821994936526|11471.506803038084|-6160.0|-6160.0|-6160.0|GRAVE02|XA02TEX|1.0|1.0|0.0|0.0|2.56|gravel|-|SG001761|-|618|1|1|2042|XA02TEX|-|1.0|1.0|0.0|0.0|0.0|XA02TEX|-|1.0|1.0|0.0|16.0|-6176.0|-6176.0|-6160.0|-6160.0|-4984.0|-4984.0|-5032.0|-5032.0
UTNTSkyEdge_tnt04c_12492_0_terrain_1_0|12492|0|2|2041|1607|1088.0|11488.0|1184.0|11584.0|1136.3535533905933|11535.646446609408|-6176.0|-6176.0|-6176.0|QROCK3|QROCK3X8|1.0|1.0|393.494875707|32.0|8|rock|-|SG001752|-|611|1|0|1607|XA02TEX|-|1.0|1.0|0.0|0.0|0.0|QROCK3X8|-|1.0|1.0|393.494875707|32.0|-6576.0|-6576.0|-6176.0|-6176.0|-4640.0|-4640.0|-4984.0|-4984.0
UTNTSkyEdge_tnt04c_12492_0_terrain_1_1|12492|0|2|2041|1607|1088.0|11488.0|1184.0|11584.0|1135.6464466094067|11536.353553390592|-6176.0|-6176.0|-6176.0|QROCK3|XA02TEX|1.0|1.0|0.0|0.0|8|gravel|-|SG001772|-|620|1|1|1607|XA02TEX|-|1.0|1.0|0.0|0.0|0.0|QROCK3X8|-|1.0|1.0|393.494875707|32.0|-6576.0|-6576.0|-6176.0|-6176.0|-4640.0|-4640.0|-4984.0|-4984.0
UTNTSkyEdge_tnt04c_12493_0_terrain_1_0|12493|0|2|2041|2057|1184.0|11584.0|1440.0|11712.0|1312.2236067977499|11647.5527864045|-6192.0|-6192.0|-6192.0|QROCK3|QROCK3X8|1.0|1.0|17.0|48.0|8|rock|-|SG001752|-|611|1|0|2057|XA02TEX|-|1.0|1.0|0.0|0.0|0.0|QROCK3X8|-|1.0|1.0|17.0|48.0|-6576.0|-6576.0|-6192.0|-6192.0|-4640.0|-4640.0|-4640.0|-4640.0
UTNTSkyEdge_tnt04c_12493_0_terrain_1_1|12493|0|2|2041|2057|1184.0|11584.0|1440.0|11712.0|1311.7763932022501|11648.4472135955|-6192.0|-6192.0|-6192.0|QROCK3|XA02TEX|1.0|1.0|0.0|0.0|8|gravel|-|SG001769|-|613|1|1|2057|XA02TEX|-|1.0|1.0|0.0|0.0|0.0|QROCK3X8|-|1.0|1.0|17.0|48.0|-6576.0|-6576.0|-6192.0|-6192.0|-4640.0|-4640.0|-4640.0|-4640.0
UTNTSkyEdge_tnt04c_12494_0_terrain_1_0|12494|0|2|2041|2057|1440.0|11712.0|1664.0|11680.0|1551.9292893218812|11695.50502525317|-6192.0|-6192.0|-6192.0|QROCK3|QROCK3X8|1.0|1.0|303.21670112|48.0|8|rock|-|SG001752|-|611|1|0|2057|XA02TEX|-|1.0|1.0|0.0|0.0|0.0|QROCK3X8|-|1.0|1.0|303.21670112|48.0|-6576.0|-6576.0|-6192.0|-6192.0|-4640.0|-4640.0|-4640.0|-4640.0
UTNTSkyEdge_tnt04c_12494_0_terrain_1_1|12494|0|2|2041|2057|1440.0|11712.0|1664.0|11680.0|1552.0707106781188|11696.49497474683|-6192.0|-6192.0|-6192.0|QROCK3|XA02TEX|1.0|1.0|0.0|0.0|8|gravel|-|SG001769|-|613|1|1|2057|XA02TEX|-|1.0|1.0|0.0|0.0|0.0|QROCK3X8|-|1.0|1.0|303.21670112|48.0|-6576.0|-6576.0|-6192.0|-6192.0|-4640.0|-4640.0|-4640.0|-4640.0
UTNTSkyEdge_tnt04c_12495_0_terrain_1_0|12495|0|2|2041|2043|1664.0|11680.0|1728.0|11520.0|1695.5357616545573|11599.814304661822|-5960.0|-5960.0|-5960.0|QROCK3|QROCK3X8|1.0|1.0|17.0|72.0|14|rock|-|SG001773|-|611|1|0|2043|QROCK3X8|-|1.0|1.0|0.0|0.0|0.0|QROCK3X8|-|1.0|1.0|17.0|72.0|-6576.0|-6576.0|-5960.0|-5960.0|-4640.0|-4640.0|-4640.0|-4640.0
UTNTSkyEdge_tnt04c_12495_0_terrain_1_1|12495|0|2|2041|2043|1664.0|11680.0|1728.0|11520.0|1696.4642383454427|11600.185695338178|-5960.0|-5960.0|-5960.0|QROCK3|QROCK3X8|1.0|1.0|0.0|0.0|14|rock|-|SG001774|-|621|1|1|2043|QROCK3X8|-|1.0|1.0|0.0|0.0|0.0|QROCK3X8|-|1.0|1.0|17.0|72.0|-6576.0|-6576.0|-5960.0|-5960.0|-4640.0|-4640.0|-4640.0|-4640.0
UTNTSkyEdge_tnt04c_12496_0_terrain_1_0|12496|0|2|2041|2057|1728.0|11520.0|1696.0|11424.0|1711.5256583509747|11472.158113883008|-6192.0|-6192.0|-6192.0|QROCK3X8|QROCK3X8|1.0|1.0|0.0|48.0|8|rock|-|SG001752|-|611|1|0|2057|XA02TEX|-|1.0|1.0|0.0|0.0|0.0|QROCK3X8|-|1.0|1.0|0.0|48.0|-6576.0|-6576.0|-6192.0|-6192.0|-4640.0|-4640.0|-4640.0|-4640.0
UTNTSkyEdge_tnt04c_12496_0_terrain_1_1|12496|0|2|2041|2057|1728.0|11520.0|1696.0|11424.0|1712.4743416490253|11471.841886116992|-6192.0|-6192.0|-6192.0|QROCK3X8|XA02TEX|1.0|1.0|0.0|0.0|8|gravel|-|SG001769|-|613|1|1|2057|XA02TEX|-|1.0|1.0|0.0|0.0|0.0|QROCK3X8|-|1.0|1.0|0.0|48.0|-6576.0|-6576.0|-6192.0|-6192.0|-4640.0|-4640.0|-4640.0|-4640.0
UTNTSkyEdge_tnt04c_12497_0_terrain_1_0|12497|0|2|2041|2057|1696.0|11424.0|1856.0|11296.0|1775.6876524762229|11359.609565595278|-6192.0|-6192.0|-6192.0|QROCK3X8|QROCK3X8|1.0|1.0|101.192885125|48.0|8|rock|-|SG001752|-|611|1|0|2057|XA02TEX|-|1.0|1.0|0.0|0.0|0.0|QROCK3X8|-|1.0|1.0|101.192885125|48.0|-6576.0|-6576.0|-6192.0|-6192.0|-4640.0|-4640.0|-4640.0|-4640.0
UTNTSkyEdge_tnt04c_12497_0_terrain_1_1|12497|0|2|2041|2057|1696.0|11424.0|1856.0|11296.0|1776.3123475237771|11360.390434404722|-6192.0|-6192.0|-6192.0|QROCK3X8|XA02TEX|1.0|1.0|0.0|0.0|8|gravel|-|SG001769|-|613|1|1|2057|XA02TEX|-|1.0|1.0|0.0|0.0|0.0|QROCK3X8|-|1.0|1.0|101.192885125|48.0|-6576.0|-6576.0|-6192.0|-6192.0|-4640.0|-4640.0|-4640.0|-4640.0
UTNTSkyEdge_tnt04c_12498_0_terrain_1_0|12498|0|2|2041|2057|1856.0|11296.0|2144.0|11296.0|2000.0|11295.5|-6192.0|-6192.0|-6192.0|QROCK3X8|QROCK3X8|1.0|1.0|306.092860723|48.0|8|rock|-|SG001752|-|611|1|0|2057|XA02TEX|-|1.0|1.0|0.0|0.0|0.0|QROCK3X8|-|1.0|1.0|306.092860723|48.0|-6576.0|-6576.0|-6192.0|-6192.0|-4640.0|-4640.0|-4640.0|-4640.0
UTNTSkyEdge_tnt04c_12498_0_terrain_1_1|12498|0|2|2041|2057|1856.0|11296.0|2144.0|11296.0|2000.0|11296.5|-6192.0|-6192.0|-6192.0|QROCK3X8|XA02TEX|1.0|1.0|0.0|0.0|8|gravel|-|SG001769|-|613|1|1|2057|XA02TEX|-|1.0|1.0|0.0|0.0|0.0|QROCK3X8|-|1.0|1.0|306.092860723|48.0|-6576.0|-6576.0|-6192.0|-6192.0|-4640.0|-4640.0|-4640.0|-4640.0
UTNTSkyEdge_tnt04c_12499_0_terrain_1_0|12499|0|2|2041|2057|2144.0|11296.0|2240.0|11456.0|2192.4287464628565|11375.742752122287|-6192.0|-6192.0|-6192.0|QROCK3X8|QROCK3X8|1.0|1.0|594.092860723|48.0|8|rock|-|SG001752|-|611|1|0|2057|XA02TEX|-|1.0|1.0|0.0|0.0|0.0|QROCK3X8|-|1.0|1.0|594.092860723|48.0|-6576.0|-6576.0|-6192.0|-6192.0|-4640.0|-4640.0|-4640.0|-4640.0
UTNTSkyEdge_tnt04c_12499_0_terrain_1_1|12499|0|2|2041|2057|2144.0|11296.0|2240.0|11456.0|2191.5712535371435|11376.257247877713|-6192.0|-6192.0|-6192.0|QROCK3X8|XA02TEX|1.0|1.0|0.0|0.0|8|gravel|-|SG001769|-|613|1|1|2057|XA02TEX|-|1.0|1.0|0.0|0.0|0.0|QROCK3X8|-|1.0|1.0|594.092860723|48.0|-6576.0|-6576.0|-6192.0|-6192.0|-4640.0|-4640.0|-4640.0|-4640.0
UTNTSkyEdge_tnt04c_12500_0_terrain_1_0|12500|0|2|2041|2057|2240.0|11456.0|2208.0|11584.0|2224.4850712500725|11520.121267812518|-6192.0|-6192.0|-6192.0|QROCK3X8|QROCK3X8|1.0|1.0|780.683321358|48.0|8|rock|-|SG001752|-|611|1|0|2057|XA02TEX|-|1.0|1.0|0.0|0.0|0.0|QROCK3X8|-|1.0|1.0|780.683321358|48.0|-6576.0|-6576.0|-6192.0|-6192.0|-4640.0|-4640.0|-4640.0|-4640.0
UTNTSkyEdge_tnt04c_12500_0_terrain_1_1|12500|0|2|2041|2057|2240.0|11456.0|2208.0|11584.0|2223.5149287499275|11519.878732187482|-6192.0|-6192.0|-6192.0|QROCK3X8|XA02TEX|1.0|1.0|0.0|0.0|8|gravel|-|SG001769|-|613|1|1|2057|XA02TEX|-|1.0|1.0|0.0|0.0|0.0|QROCK3X8|-|1.0|1.0|780.683321358|48.0|-6576.0|-6576.0|-6192.0|-6192.0|-4640.0|-4640.0|-4640.0|-4640.0
UTNTSkyEdge_tnt04c_12501_0_terrain_1_0|12501|0|2|2041|2057|2208.0|11584.0|2368.0|11712.0|2288.312347523777|11647.609565595278|-6192.0|-6192.0|-6192.0|QROCK3X8|QROCK3X8|1.0|1.0|912.622701378|48.0|8|rock|-|SG001752|-|611|1|0|2057|XA02TEX|-|1.0|1.0|0.0|0.0|0.0|QROCK3X8|-|1.0|1.0|912.622701378|48.0|-6576.0|-6576.0|-6192.0|-6192.0|-4640.0|-4640.0|-4640.0|-4640.0
UTNTSkyEdge_tnt04c_12501_0_terrain_1_1|12501|0|2|2041|2057|2208.0|11584.0|2368.0|11712.0|2287.687652476223|11648.390434404722|-6192.0|-6192.0|-6192.0|QROCK3X8|XA02TEX|1.0|1.0|0.0|0.0|8|gravel|-|SG001769|-|613|1|1|2057|XA02TEX|-|1.0|1.0|0.0|0.0|0.0|QROCK3X8|-|1.0|1.0|912.622701378|48.0|-6576.0|-6576.0|-6192.0|-6192.0|-4640.0|-4640.0|-4640.0|-4640.0
UTNTSkyEdge_tnt04c_12502_0_terrain_1_0|12502|0|2|2041|2058|2368.0|11712.0|2464.0|11808.0|2416.3535533905933|11759.646446609408|-5760.0|-5760.0|-5760.0|QROCK3|QROCK3X8|1.0|1.0|27.0|0.0|14|rock|-|SG001773|-|611|1|0|2058|QROCK3X8|-|1.0|1.0|0.0|0.0|0.0|QROCK3X8|-|1.0|1.0|27.0|0.0|-6576.0|-6576.0|-5760.0|-5760.0|-4640.0|-4640.0|-4640.0|-4640.0
UTNTSkyEdge_tnt04c_12502_0_terrain_1_1|12502|0|2|2041|2058|2368.0|11712.0|2464.0|11808.0|2415.6464466094067|11760.353553390592|-5760.0|-5760.0|-5760.0|QROCK3|QROCK3X8|1.0|1.0|0.0|0.0|14|rock|-|SG001775|-|614|1|1|2058|QROCK3X8|-|1.0|1.0|0.0|0.0|0.0|QROCK3X8|-|1.0|1.0|27.0|0.0|-6576.0|-6576.0|-5760.0|-5760.0|-4640.0|-4640.0|-4640.0|-4640.0
UTNTSkyEdge_tnt04c_12548_0_terrain_1_0|12548|0|2|2040|2042|768.0|11520.0|768.0|11472.0|767.5|11496.0|-6160.0|-6160.0|-6160.0|QROCK3|QROCK3X8|1.0|1.0|457.898096023|16.0|8|rock|-|SG001751|-|610|1|0|2042|XA02TEX|-|1.0|1.0|0.0|0.0|0.0|QROCK3X8|-|1.0|1.0|457.898096023|16.0|-6576.0|-6576.0|-6160.0|-6160.0|-4640.0|-4640.0|-5032.0|-5032.0
UTNTSkyEdge_tnt04c_12548_0_terrain_1_1|12548|0|2|2040|2042|768.0|11520.0|768.0|11472.0|768.5|11496.0|-6160.0|-6160.0|-6160.0|QROCK3|XA02TEX|1.0|1.0|0.0|0.0|8|gravel|-|SG001761|-|618|1|1|2042|XA02TEX|-|1.0|1.0|0.0|0.0|0.0|QROCK3X8|-|1.0|1.0|457.898096023|16.0|-6576.0|-6576.0|-6160.0|-6160.0|-4640.0|-4640.0|-5032.0|-5032.0
UTNTSkyEdge_tnt04c_12549_0_terrain_1_0|12549|0|2|2040|2042|768.0|11472.0|720.0|11408.0|743.6|11440.3|-6160.0|-6160.0|-6160.0|QROCK3|QROCK3X8|1.0|1.0|505.898096023|16.0|8|rock|-|SG001751|-|610|1|0|2042|XA02TEX|-|1.0|1.0|0.0|0.0|0.0|QROCK3X8|-|1.0|1.0|505.898096023|16.0|-6576.0|-6576.0|-6160.0|-6160.0|-4640.0|-4640.0|-5032.0|-5032.0
UTNTSkyEdge_tnt04c_12549_0_terrain_1_1|12549|0|2|2040|2042|768.0|11472.0|720.0|11408.0|744.4|11439.7|-6160.0|-6160.0|-6160.0|QROCK3|XA02TEX|1.0|1.0|0.0|0.0|8|gravel|-|SG001761|-|618|1|1|2042|XA02TEX|-|1.0|1.0|0.0|0.0|0.0|QROCK3X8|-|1.0|1.0|505.898096023|16.0|-6576.0|-6576.0|-6160.0|-6160.0|-4640.0|-4640.0|-5032.0|-5032.0
UTNTSkyEdge_tnt04c_12550_0_terrain_1_0|12550|0|2|2040|2023|720.0|11408.0|672.0|11376.0|695.7226499018874|11392.41602514717|-6152.0|-6152.0|-6152.0|QROCK3|QROCK3X8|1.0|1.0|585.898096023|8.0|8|rock|-|SG001751|-|610|1|0|2023|XA02TEX|-|1.0|1.0|0.0|0.0|0.0|QROCK3X8|-|1.0|1.0|585.898096023|8.0|-6576.0|-6576.0|-6152.0|-6152.0|-4640.0|-4640.0|-4984.0|-4984.0
UTNTSkyEdge_tnt04c_12550_0_terrain_1_1|12550|0|2|2040|2023|720.0|11408.0|672.0|11376.0|696.2773500981126|11391.58397485283|-6152.0|-6152.0|-6152.0|QROCK3|XA02TEX|1.0|1.0|0.0|0.0|8|gravel|-|SG001760|-|617|1|1|2023|XA02TEX|-|1.0|1.0|0.0|0.0|0.0|QROCK3X8|-|1.0|1.0|585.898096023|8.0|-6576.0|-6576.0|-6152.0|-6152.0|-4640.0|-4640.0|-4984.0|-4984.0
UTNTSkyEdge_tnt04c_12551_0_terrain_1_0|12551|0|2|2040|2023|672.0|11376.0|672.0|11248.0|671.5|11312.0|-6152.0|-6152.0|-6152.0|QROCK3|QROCK3X8|1.0|1.0|643.586916431|8.0|8|rock|-|SG001751|-|610|1|0|2023|XA02TEX|-|1.0|1.0|0.0|0.0|0.0|QROCK3X8|-|1.0|1.0|643.586916431|8.0|-6576.0|-6576.0|-6152.0|-6152.0|-4640.0|-4640.0|-4984.0|-4984.0
UTNTSkyEdge_tnt04c_12551_0_terrain_1_1|12551|0|2|2040|2023|672.0|11376.0|672.0|11248.0|672.5|11312.0|-6152.0|-6152.0|-6152.0|QROCK3|XA02TEX|1.0|1.0|0.0|0.0|8|gravel|-|SG001760|-|617|1|1|2023|XA02TEX|-|1.0|1.0|0.0|0.0|0.0|QROCK3X8|-|1.0|1.0|643.586916431|8.0|-6576.0|-6576.0|-6152.0|-6152.0|-4640.0|-4640.0|-4984.0|-4984.0
UTNTSkyEdge_tnt04c_12556_0_terrain_1_0|12556|0|2|2040|2044|704.0|11584.0|768.0|11520.0|735.6464466094068|11551.646446609408|-6184.0|-6184.0|-6184.0|QROCK3|QROCK3X8|1.0|1.0|367.388428031|40.0|8|rock|-|SG001751|-|610|1|0|2044|XA02TEX|-|1.0|1.0|0.0|0.0|0.0|QROCK3X8|-|1.0|1.0|367.388428031|40.0|-6576.0|-6576.0|-6184.0|-6184.0|-4640.0|-4640.0|-4984.0|-4984.0
UTNTSkyEdge_tnt04c_12556_0_terrain_1_1|12556|0|2|2040|2044|704.0|11584.0|768.0|11520.0|736.3535533905932|11552.353553390592|-6184.0|-6184.0|-6184.0|QROCK3|XA02TEX|1.0|1.0|0.0|0.0|8|gravel|-|SG001776|-|619|1|1|2044|XA02TEX|-|1.0|1.0|0.0|0.0|0.0|QROCK3X8|-|1.0|1.0|367.388428031|40.0|-6576.0|-6576.0|-6184.0|-6184.0|-4640.0|-4640.0|-4984.0|-4984.0
UTNTSkyEdge_tnt04c_12560_1_terrain_1_0|12560|1|2|2057|1607|1024.0|11616.0|976.0|11568.0|999.6464466094068|11592.353553390592|-6176.0|-6176.0|-6176.0|GRAVE02|XA02TEX|1.0|1.0|128.996123973|32.0|2.56|gravel|-|SG001777|-|613|1|0|1607|XA02TEX|-|1.0|1.0|0.0|0.0|0.0|XA02TEX|-|1.0|1.0|128.996123973|32.0|-6192.0|-6192.0|-6176.0|-6176.0|-4640.0|-4640.0|-4984.0|-4984.0
UTNTSkyEdge_tnt04c_12560_1_terrain_1_1|12560|1|2|2057|1607|1024.0|11616.0|976.0|11568.0|1000.3535533905932|11591.646446609408|-6176.0|-6176.0|-6176.0|GRAVE02|XA02TEX|1.0|1.0|0.0|0.0|2.56|gravel|-|SG001772|-|620|1|1|1607|XA02TEX|-|1.0|1.0|0.0|0.0|0.0|XA02TEX|-|1.0|1.0|128.996123973|32.0|-6192.0|-6192.0|-6176.0|-6176.0|-4640.0|-4640.0|-4984.0|-4984.0
UTNTSkyEdge_tnt04c_12561_1_terrain_1_0|12561|1|2|2057|1607|1152.0|11600.0|1024.0|11616.0|1088.0620173672946|11608.496138938357|-6176.0|-6176.0|-6176.0|GRAVE02|XA02TEX|1.0|1.0|0.0|32.0|2.56|gravel|-|SG001777|-|613|1|0|1607|XA02TEX|-|1.0|1.0|0.0|0.0|0.0|XA02TEX|-|1.0|1.0|0.0|32.0|-6192.0|-6192.0|-6176.0|-6176.0|-4640.0|-4640.0|-4984.0|-4984.0
UTNTSkyEdge_tnt04c_12561_1_terrain_1_1|12561|1|2|2057|1607|1152.0|11600.0|1024.0|11616.0|1087.9379826327054|11607.503861061643|-6176.0|-6176.0|-6176.0|GRAVE02|XA02TEX|1.0|1.0|0.0|0.0|2.56|gravel|-|SG001772|-|620|1|1|1607|XA02TEX|-|1.0|1.0|0.0|0.0|0.0|XA02TEX|-|1.0|1.0|0.0|32.0|-6192.0|-6192.0|-6176.0|-6176.0|-4640.0|-4640.0|-4984.0|-4984.0
UTNTSkyEdge_tnt04c_12562_1_terrain_1_0|12562|1|2|2057|1607|1184.0|11584.0|1152.0|11600.0|1168.2236067977499|11592.4472135955|-6176.0|-6176.0|-6176.0|QROCK3|QROCK3X8|1.0|1.0|17.0|32.0|2.56|rock|-|SG001754|-|613|1|0|1607|XA02TEX|-|1.0|1.0|0.0|0.0|0.0|QROCK3X8|-|1.0|1.0|17.0|32.0|-6192.0|-6192.0|-6176.0|-6176.0|-4640.0|-4640.0|-4984.0|-4984.0
UTNTSkyEdge_tnt04c_12562_1_terrain_1_1|12562|1|2|2057|1607|1184.0|11584.0|1152.0|11600.0|1167.7763932022501|11591.5527864045|-6176.0|-6176.0|-6176.0|QROCK3|XA02TEX|1.0|1.0|0.0|0.0|2.56|gravel|-|SG001772|-|620|1|1|1607|XA02TEX|-|1.0|1.0|0.0|0.0|0.0|QROCK3X8|-|1.0|1.0|17.0|32.0|-6192.0|-6192.0|-6176.0|-6176.0|-4640.0|-4640.0|-4984.0|-4984.0
UTNTSkyEdge_tnt04c_12630_0_terrain_1_0|12630|0|2|2057|2059|384.0|11712.0|448.0|11776.0|416.3535533905933|11743.646446609408|-6000.0|-6000.0|-6000.0|QROCK3|QROCK3X8|1.0|1.0|13.0|112.0|14|rock|-|SG001778|-|613|1|0|2059|QROCK3X8|-|1.0|1.0|0.0|0.0|0.0|QROCK3X8|-|1.0|1.0|13.0|112.0|-6192.0|-6192.0|-6000.0|-6000.0|-4640.0|-4640.0|-4640.0|-4640.0
UTNTSkyEdge_tnt04c_12630_0_terrain_1_1|12630|0|2|2057|2059|384.0|11712.0|448.0|11776.0|415.6464466094067|11744.353553390592|-6000.0|-6000.0|-6000.0|QROCK3|QROCK3X8|1.0|1.0|0.0|0.0|14|rock|-|SG001768|-|612|1|1|2059|QROCK3X8|-|1.0|1.0|0.0|0.0|0.0|QROCK3X8|-|1.0|1.0|13.0|112.0|-6192.0|-6192.0|-6000.0|-6000.0|-4640.0|-4640.0|-4640.0|-4640.0
UTNTSkyEdge_tnt04c_12631_0_terrain_1_0|12631|0|2|2057|2059|448.0|11776.0|448.0|11904.0|448.5|11840.0|-6000.0|-6000.0|-6000.0|QROCK3|QROCK3X8|1.0|1.0|103.509667992|112.0|14|rock|-|SG001778|-|613|1|0|2059|QROCK3X8|-|1.0|1.0|0.0|0.0|0.0|QROCK3X8|-|1.0|1.0|103.509667992|112.0|-6192.0|-6192.0|-6000.0|-6000.0|-4640.0|-4640.0|-4640.0|-4640.0
UTNTSkyEdge_tnt04c_12631_0_terrain_1_1|12631|0|2|2057|2059|448.0|11776.0|448.0|11904.0|447.5|11840.0|-6000.0|-6000.0|-6000.0|QROCK3|QROCK3X8|1.0|1.0|0.0|0.0|14|rock|-|SG001768|-|612|1|1|2059|QROCK3X8|-|1.0|1.0|0.0|0.0|0.0|QROCK3X8|-|1.0|1.0|103.509667992|112.0|-6192.0|-6192.0|-6000.0|-6000.0|-4640.0|-4640.0|-4640.0|-4640.0
UTNTSkyEdge_tnt04c_12631_0_terrain_2_1|12631|0|2|2057|2057|448.0|11776.0|448.0|11904.0|448.5|11840.0|-6192.0|-6192.0|-6192.0|QROCK3|XA02TEX|1.0|1.0|0.0|0.0|14|gravel|-|SG001779|-|613|2|1|2057|XA02TEX|-|1.0|1.0|0.0|0.0|0.0|QROCK3X8|-|1.0|1.0|103.509667992|112.0|-6192.0|-6192.0|-6000.0|-6000.0|-4640.0|-4640.0|-4640.0|-4640.0
UTNTSkyEdge_tnt04c_12632_0_terrain_1_0|12632|0|2|2057|2059|448.0|11904.0|320.0|12032.0|384.3535533905933|11968.353553390592|-6000.0|-6000.0|-6000.0|QROCK3|QROCK3X8|1.0|1.0|231.509667992|112.0|14|rock|-|SG001778|-|613|1|0|2059|QROCK3X8|-|1.0|1.0|0.0|0.0|0.0|QROCK3X8|-|1.0|1.0|231.509667992|112.0|-6192.0|-6192.0|-6000.0|-6000.0|-4640.0|-4640.0|-4640.0|-4640.0
UTNTSkyEdge_tnt04c_12632_0_terrain_1_1|12632|0|2|2057|2059|448.0|11904.0|320.0|12032.0|383.6464466094067|11967.646446609408|-6000.0|-6000.0|-6000.0|QROCK3|QROCK3X8|1.0|1.0|0.0|0.0|14|rock|-|SG001768|-|612|1|1|2059|QROCK3X8|-|1.0|1.0|0.0|0.0|0.0|QROCK3X8|-|1.0|1.0|231.509667992|112.0|-6192.0|-6192.0|-6000.0|-6000.0|-4640.0|-4640.0|-4640.0|-4640.0
UTNTSkyEdge_tnt04c_12633_1_terrain_1_0|12633|1|2|2057|2043|1728.0|11744.0|1664.0|11680.0|1695.6464466094067|11712.353553390592|-5960.0|-5960.0|-5960.0|QROCK3|QROCK3X8|1.0|1.0|566.739150375|72.0|14|rock|-|SG001778|-|613|1|0|2043|QROCK3X8|-|1.0|1.0|0.0|0.0|0.0|QROCK3X8|-|1.0|1.0|566.739150375|72.0|-6192.0|-6192.0|-5960.0|-5960.0|-4640.0|-4640.0|-4640.0|-4640.0
UTNTSkyEdge_tnt04c_12633_1_terrain_1_1|12633|1|2|2057|2043|1728.0|11744.0|1664.0|11680.0|1696.3535533905933|11711.646446609408|-5960.0|-5960.0|-5960.0|QROCK3|QROCK3X8|1.0|1.0|0.0|0.0|14|rock|-|SG001774|-|621|1|1|2043|QROCK3X8|-|1.0|1.0|0.0|0.0|0.0|QROCK3X8|-|1.0|1.0|566.739150375|72.0|-6192.0|-6192.0|-5960.0|-5960.0|-4640.0|-4640.0|-4640.0|-4640.0
UTNTSkyEdge_tnt04c_12634_1_terrain_1_0|12634|1|2|2057|2043|1856.0|11744.0|1728.0|11744.0|1792.0|11744.5|-5960.0|-5960.0|-5960.0|QROCK3|QROCK3X8|1.0|1.0|438.739150375|72.0|14|rock|-|SG001778|-|613|1|0|2043|QROCK3X8|-|1.0|1.0|0.0|0.0|0.0|QROCK3X8|-|1.0|1.0|438.739150375|72.0|-6192.0|-6192.0|-5960.0|-5960.0|-4640.0|-4640.0|-4640.0|-4640.0
UTNTSkyEdge_tnt04c_12634_1_terrain_1_1|12634|1|2|2057|2043|1856.0|11744.0|1728.0|11744.0|1792.0|11743.5|-5960.0|-5960.0|-5960.0|QROCK3|QROCK3X8|1.0|1.0|0.0|0.0|14|rock|-|SG001774|-|621|1|1|2043|QROCK3X8|-|1.0|1.0|0.0|0.0|0.0|QROCK3X8|-|1.0|1.0|438.739150375|72.0|-6192.0|-6192.0|-5960.0|-5960.0|-4640.0|-4640.0|-4640.0|-4640.0
UTNTSkyEdge_tnt04c_12635_1_terrain_1_0|12635|1|2|2057|2043|1920.0|11648.0|1856.0|11744.0|1888.416025147169|11696.277350098113|-5960.0|-5960.0|-5960.0|QROCK3|QROCK3X8|1.0|1.0|323.36150956|72.0|14|rock|-|SG001778|-|613|1|0|2043|QROCK3X8|-|1.0|1.0|0.0|0.0|0.0|QROCK3X8|-|1.0|1.0|323.36150956|72.0|-6192.0|-6192.0|-5960.0|-5960.0|-4640.0|-4640.0|-4640.0|-4640.0
UTNTSkyEdge_tnt04c_12635_1_terrain_1_1|12635|1|2|2057|2043|1920.0|11648.0|1856.0|11744.0|1887.583974852831|11695.722649901887|-5960.0|-5960.0|-5960.0|QROCK3|QROCK3X8|1.0|1.0|0.0|0.0|14|rock|-|SG001774|-|621|1|1|2043|QROCK3X8|-|1.0|1.0|0.0|0.0|0.0|QROCK3X8|-|1.0|1.0|323.36150956|72.0|-6192.0|-6192.0|-5960.0|-5960.0|-4640.0|-4640.0|-4640.0|-4640.0
UTNTSkyEdge_tnt04c_12636_1_terrain_1_0|12636|1|2|2057|2043|1888.0|11552.0|1920.0|11648.0|1904.4743416490253|11599.841886116992|-5960.0|-5960.0|-5960.0|QROCK3|QROCK3X8|1.0|1.0|222.168624435|72.0|14|rock|-|SG001778|-|613|1|0|2043|QROCK3X8|-|1.0|1.0|0.0|0.0|0.0|QROCK3X8|-|1.0|1.0|222.168624435|72.0|-6192.0|-6192.0|-5960.0|-5960.0|-4640.0|-4640.0|-4640.0|-4640.0
UTNTSkyEdge_tnt04c_12636_1_terrain_1_1|12636|1|2|2057|2043|1888.0|11552.0|1920.0|11648.0|1903.5256583509747|11600.158113883008|-5960.0|-5960.0|-5960.0|QROCK3|QROCK3X8|1.0|1.0|0.0|0.0|14|rock|-|SG001774|-|621|1|1|2043|QROCK3X8|-|1.0|1.0|0.0|0.0|0.0|QROCK3X8|-|1.0|1.0|222.168624435|72.0|-6192.0|-6192.0|-5960.0|-5960.0|-4640.0|-4640.0|-4640.0|-4640.0
UTNTSkyEdge_tnt04c_12636_1_terrain_2_1|12636|1|2|2057|2057|1888.0|11552.0|1920.0|11648.0|1904.4743416490253|11599.841886116992|-6192.0|-6192.0|-6192.0|QROCK3|XA02TEX|1.0|1.0|0.0|0.0|14|gravel|-|SG001780|-|613|2|1|2057|XA02TEX|-|1.0|1.0|0.0|0.0|0.0|QROCK3X8|-|1.0|1.0|222.168624435|72.0|-6192.0|-6192.0|-5960.0|-5960.0|-4640.0|-4640.0|-4640.0|-4640.0
UTNTSkyEdge_tnt04c_12637_1_terrain_1_0|12637|1|2|2057|2043|1728.0|11520.0|1888.0|11552.0|1808.0980580675691|11535.509709662154|-5960.0|-5960.0|-5960.0|QROCK3|QROCK3X8|1.0|1.0|59.0|72.0|14|rock|-|SG001778|-|613|1|0|2043|QROCK3X8|-|1.0|1.0|0.0|0.0|0.0|QROCK3X8|-|1.0|1.0|59.0|72.0|-6192.0|-6192.0|-5960.0|-5960.0|-4640.0|-4640.0|-4640.0|-4640.0
UTNTSkyEdge_tnt04c_12637_1_terrain_1_1|12637|1|2|2057|2043|1728.0|11520.0|1888.0|11552.0|1807.9019419324309|11536.490290337846|-5960.0|-5960.0|-5960.0|QROCK3|QROCK3X8|1.0|1.0|0.0|0.0|14|rock|-|SG001774|-|621|1|1|2043|QROCK3X8|-|1.0|1.0|0.0|0.0|0.0|QROCK3X8|-|1.0|1.0|59.0|72.0|-6192.0|-6192.0|-5960.0|-5960.0|-4640.0|-4640.0|-4640.0|-4640.0
UTNTSkyEdge_tnt04c_12638_1_terrain_1_0|12638|1|2|2057|2058|2272.0|11744.0|2368.0|11712.0|2319.8418861169916|11727.525658350974|-5760.0|-5760.0|-5760.0|QROCK3|QROCK3X8|1.0|1.0|437.855410965|0.0|14|rock|-|SG001778|-|613|1|0|2058|QROCK3X8|-|1.0|1.0|0.0|0.0|0.0|QROCK3X8|-|1.0|1.0|437.855410965|0.0|-6192.0|-6192.0|-5760.0|-5760.0|-4640.0|-4640.0|-4640.0|-4640.0
UTNTSkyEdge_tnt04c_12638_1_terrain_1_1|12638|1|2|2057|2058|2272.0|11744.0|2368.0|11712.0|2320.1581138830084|11728.474341649026|-5760.0|-5760.0|-5760.0|QROCK3|QROCK3X8|1.0|1.0|0.0|0.0|14|rock|-|SG001775|-|614|1|1|2058|QROCK3X8|-|1.0|1.0|0.0|0.0|0.0|QROCK3X8|-|1.0|1.0|437.855410965|0.0|-6192.0|-6192.0|-5760.0|-5760.0|-4640.0|-4640.0|-4640.0|-4640.0
UTNTSkyEdge_tnt04c_12638_1_terrain_2_1|12638|1|2|2057|2057|2272.0|11744.0|2368.0|11712.0|2319.8418861169916|11727.525658350974|-6192.0|-6192.0|-6192.0|QROCK3|XA02TEX|1.0|1.0|0.0|0.0|14|gravel|-|SG001781|-|613|2|1|2057|XA02TEX|-|1.0|1.0|0.0|0.0|0.0|QROCK3X8|-|1.0|1.0|437.855410965|0.0|-6192.0|-6192.0|-5760.0|-5760.0|-4640.0|-4640.0|-4640.0|-4640.0
UTNTSkyEdge_tnt04c_12639_1_terrain_1_0|12639|1|2|2057|2058|2208.0|11712.0|2272.0|11744.0|2240.22360679775|11727.5527864045|-5760.0|-5760.0|-5760.0|QROCK3|QROCK3X8|1.0|1.0|366.301235685|0.0|14|rock|-|SG001778|-|613|1|0|2058|QROCK3X8|-|1.0|1.0|0.0|0.0|0.0|QROCK3X8|-|1.0|1.0|366.301235685|0.0|-6192.0|-6192.0|-5760.0|-5760.0|-4640.0|-4640.0|-4640.0|-4640.0
UTNTSkyEdge_tnt04c_12639_1_terrain_1_1|12639|1|2|2057|2058|2208.0|11712.0|2272.0|11744.0|2239.77639320225|11728.4472135955|-5760.0|-5760.0|-5760.0|QROCK3|QROCK3X8|1.0|1.0|0.0|0.0|14|rock|-|SG001775|-|614|1|1|2058|QROCK3X8|-|1.0|1.0|0.0|0.0|0.0|QROCK3X8|-|1.0|1.0|366.301235685|0.0|-6192.0|-6192.0|-5760.0|-5760.0|-4640.0|-4640.0|-4640.0|-4640.0
UTNTSkyEdge_tnt04c_12640_1_terrain_1_0|12640|1|2|2057|2058|2080.0|11776.0|2208.0|11712.0|2143.77639320225|11743.5527864045|-5760.0|-5760.0|-5760.0|QROCK3|QROCK3X8|1.0|1.0|223.192885125|0.0|14|rock|-|SG001778|-|613|1|0|2058|QROCK3X8|-|1.0|1.0|0.0|0.0|0.0|QROCK3X8|-|1.0|1.0|223.192885125|0.0|-6192.0|-6192.0|-5760.0|-5760.0|-4640.0|-4640.0|-4640.0|-4640.0
UTNTSkyEdge_tnt04c_12640_1_terrain_1_1|12640|1|2|2057|2058|2080.0|11776.0|2208.0|11712.0|2144.22360679775|11744.4472135955|-5760.0|-5760.0|-5760.0|QROCK3|QROCK3X8|1.0|1.0|0.0|0.0|14|rock|-|SG001775|-|614|1|1|2058|QROCK3X8|-|1.0|1.0|0.0|0.0|0.0|QROCK3X8|-|1.0|1.0|223.192885125|0.0|-6192.0|-6192.0|-5760.0|-5760.0|-4640.0|-4640.0|-4640.0|-4640.0
UTNTSkyEdge_tnt04c_12640_1_terrain_2_1|12640|1|2|2057|2057|2080.0|11776.0|2208.0|11712.0|2143.77639320225|11743.5527864045|-6192.0|-6192.0|-6192.0|QROCK3|XA02TEX|1.0|1.0|0.0|0.0|14|gravel|-|SG001782|-|613|2|1|2057|XA02TEX|-|1.0|1.0|0.0|0.0|0.0|QROCK3X8|-|1.0|1.0|223.192885125|0.0|-6192.0|-6192.0|-5760.0|-5760.0|-4640.0|-4640.0|-4640.0|-4640.0
UTNTSkyEdge_tnt04c_12641_1_terrain_1_0|12641|1|2|2057|2058|2048.0|11872.0|2080.0|11776.0|2063.525658350975|11823.841886116992|-5760.0|-5760.0|-5760.0|QROCK3|QROCK3X8|1.0|1.0|122.0|0.0|14|rock|-|SG001778|-|613|1|0|2058|QROCK3X8|-|1.0|1.0|0.0|0.0|0.0|QROCK3X8|-|1.0|1.0|122.0|0.0|-6192.0|-6192.0|-5760.0|-5760.0|-4640.0|-4640.0|-4640.0|-4640.0
UTNTSkyEdge_tnt04c_12641_1_terrain_1_1|12641|1|2|2057|2058|2048.0|11872.0|2080.0|11776.0|2064.474341649025|11824.158113883008|-5760.0|-5760.0|-5760.0|QROCK3|QROCK3X8|1.0|1.0|0.0|0.0|14|rock|-|SG001775|-|614|1|1|2058|QROCK3X8|-|1.0|1.0|0.0|0.0|0.0|QROCK3X8|-|1.0|1.0|122.0|0.0|-6192.0|-6192.0|-5760.0|-5760.0|-4640.0|-4640.0|-4640.0|-4640.0
UTNTSkyEdge_tnt04c_12641_1_terrain_2_1|12641|1|2|2057|2057|2048.0|11872.0|2080.0|11776.0|2063.525658350975|11823.841886116992|-6192.0|-6192.0|-6192.0|QROCK3|XA02TEX|1.0|1.0|0.0|0.0|14|gravel|-|SG001783|-|613|2|1|2057|XA02TEX|-|1.0|1.0|0.0|0.0|0.0|QROCK3X8|-|1.0|1.0|122.0|0.0|-6192.0|-6192.0|-5760.0|-5760.0|-4640.0|-4640.0|-4640.0|-4640.0
UTNTSkyEdge_tnt04c_13412_0_terrain_2_1|13412|0|1|2057|2057|1472.0|12160.0|1600.0|12160.0|1536.0|12159.5|-6192.0|-6192.0|-6192.0|QROCK3X8|XA02TEX|1.0|1.0|0.0|0.0|14|gravel|-|SG001784|-|613|2|1|2057|XA02TEX|-|1.0|1.0|0.0|0.0|0.0|QROCK3X8|-|1.0|1.0|196.0|32.0|-6192.0|-6192.0|0|0|-4640.0|-4640.0|0|0
