UTNTSkyEdge_tnt03b_11_0|11|0|0|470|470|1024.0|7040.0|1120.0|6992.0|1071.7763932022501|7015.5527864045|448.0|448.0|448.0|IKWALL44|XA01TEX|1.0|1.0|149.192885125|64.0|22|rock|-|SG001258|-|383
UTNTSkyEdge_tnt03b_12_0|12|0|1|470|470|-128.0|7040.0|144.0|7120.0|8.141083161995775|7079.520317249215|448.0|448.0|448.0|IKWALL44|XA01TEX|1.0|1.0|105.43340224|64.0|22|rock|-|SG001258|-|383
UTNTSkyEdge_tnt03b_13_0|13|0|1|470|470|-640.0|7296.0|-128.0|7040.0|-384.22360679775|7167.5527864045|448.0|448.0|448.0|IKWALL44|XA01TEX|1.0|1.0|45.0|64.0|22|rock|-|SG001258|-|383
UTNTSkyEdge_tnt03b_14_0|14|0|1|6|6|-768.0|7680.0|-640.0|7296.0|-704.4743416490253|7487.841886116991|448.0|448.0|448.0|IKWALL44|XA01TEX|1.0|1.0|24.0|64.0|22|rock|-|SG001259|-|384
UTNTSkyEdge_tnt03b_15_0|15|0|1|4|4|-768.0|8320.0|-832.0|8064.0|-800.4850712500727|8192.121267812518|480.0|512.0|448.0|IKWALL44|XA01TEX|1.0|1.0|138.296801939|192.0|14.399999999999999|rock|-|SG001260|-|385
UTNTSkyEdge_tnt03b_16_0|16|0|1|4|4|-1024.0|8320.0|-896.0|8576.0|-959.5527864045|8447.77639320225|544.0|512.0|576.0|IKWALL44|XA01TEX|1.0|1.0|348.87876004|192.0|14.399999999999999|rock|-|SG001260|-|385
UTNTSkyEdge_tnt03b_17_0|17|0|1|3|3|-1024.0|7680.0|-1080.0|8016.0|-1051.506803038084|7848.082199493652|448.0|448.0|448.0|IKWALL44|XA01TEX|1.0|1.0|79.0|64.0|15.6|rock|-|SG001261|-|386
UTNTSkyEdge_tnt03b_18_0|18|0|1|6|6|-1152.0|7424.0|-1024.0|7680.0|-1087.5527864045|7551.77639320225|448.0|448.0|448.0|IKWALL44|XA01TEX|1.0|1.0|49.0|64.0|22|rock|-|SG001259|-|384
UTNTSkyEdge_tnt03b_19_0|19|0|1|470|470|-1600.0|7296.0|-1584.0|7296.0|-1592.0|7295.5|448.0|448.0|448.0|IKWALL44|XA01TEX|1.0|1.0|336.14105188|64.0|22|rock|-|SG001258|-|383
UTNTSkyEdge_tnt03b_20_0|20|0|1|470|470|-1920.0|7040.0|-1728.0|7104.0|-1823.8418861169916|7071.5256583509745|448.0|448.0|448.0|IKWALL44|XA01TEX|1.0|1.0|415.0|64.0|22|rock|-|SG001258|-|383
UTNTSkyEdge_tnt03b_21_0|21|0|1|470|470|-2304.0|7040.0|-1920.0|7040.0|-2112.0|7039.5|448.0|448.0|448.0|IKWALL44|XA01TEX|1.0|1.0|31.0|64.0|22|rock|-|SG001258|-|383
UTNTSkyEdge_tnt03b_22_0|22|0|1|99|99|-2688.0|7136.0|-2304.0|7040.0|-2496.121267812518|7087.514928749927|448.0|448.0|448.0|IKWALL44|XA01TEX|1.0|1.0|19.843127274|64.0|22|rock|-|SG001262|-|387
UTNTSkyEdge_tnt03b_23_0|23|0|1|99|99|-3552.0|7456.0|-2688.0|7136.0|-3120.173657177912|7295.531125619638|448.0|448.0|448.0|IKWALL44|XA01TEX|1.0|1.0|122.487604145|64.0|22|rock|-|SG001262|-|387
UTNTSkyEdge_tnt03b_27_0|27|0|1|98|98|2304.0|7296.0|2880.0|7680.0|2592.2773500981125|7487.5839748528315|448.0|448.0|448.0|IKWALL44|XA01TEX|1.0|1.0|302.727264379|64.0|22|rock|-|SG001263|-|388
UTNTSkyEdge_tnt03b_28_0|28|0|1|98|98|2048.0|6912.0|2304.0|7296.0|2176.416025147169|7103.722649901887|448.0|448.0|448.0|IKWALL44|XA01TEX|1.0|1.0|353.21670112|64.0|22|rock|-|SG001263|-|388
UTNTSkyEdge_tnt03b_29_0|29|0|1|98|98|1792.0|6784.0|2048.0|6912.0|1920.2236067977499|6847.5527864045|448.0|448.0|448.0|IKWALL44|XA01TEX|1.0|1.0|67.0|64.0|22|rock|-|SG001263|-|388
UTNTSkyEdge_tnt03b_30_0|30|0|1|470|470|1280.0|6912.0|1792.0|6784.0|1535.8787321874818|6847.514928749927|448.0|448.0|448.0|IKWALL44|XA01TEX|1.0|1.0|179.10835056|64.0|22|rock|-|SG001258|-|383
UTNTSkyEdge_tnt03b_31_0|31|0|1|98|98|2880.0|7680.0|3360.0|7744.0|3120.0660818600454|7711.504386049659|448.0|448.0|448.0|IKWALL44|XA01TEX|1.0|1.0|482.993109268|64.0|22|rock|-|SG001263|-|388
UTNTSkyEdge_tnt03b_34_0|34|0|1|99|99|-4256.0|8352.0|-3552.0|7456.0|-3904.3931591694113|7903.691089224034|448.0|448.0|448.0|IKWALL44|XA01TEX|1.0|1.0|7.0|64.0|22|rock|-|SG001262|-|387
UTNTSkyEdge_tnt03b_49_0|49|0|1|4|4|-1088.0|8064.0|-1024.0|8320.0|-1055.5149287499273|8191.878732187482|480.0|448.0|512.0|IKWALL44|XA01TEX|1.0|1.0|85.0|192.0|14.399999999999999|rock|-|SG001260|-|385
UTNTSkyEdge_tnt03b_50_0|50|0|1|3|3|-832.0|8064.0|-824.0|8016.0|-828.493196961916|8039.917800506348|448.0|448.0|448.0|IKWALL44|XA01TEX|1.0|1.0|18.0|64.0|14.399999999999999|rock|-|SG001261|-|386
UTNTSkyEdge_tnt03b_51_0|51|0|1|4|4|-384.0|8384.0|-768.0|8320.0|-576.0821994936526|8352.493196961916|520.0|528.0|512.0|IKWALL44|XA01TEX|1.0|1.0|261.0|192.0|14.399999999999999|rock|-|SG001260|-|385
UTNTSkyEdge_tnt03b_52_0|52|0|1|5|5|-896.0|8576.0|-704.0|8640.0|-799.8418861169915|8607.525658350974|576.0|576.0|576.0|IKWALL44|XA01TEX|1.0|1.0|123.0|64.0|14.399999999999999|rock|-|SG001264|-|389
UTNTSkyEdge_tnt03b_53_0|53|0|1|5|5|-704.0|8640.0|-384.0|8640.0|-544.0|8639.5|576.0|576.0|576.0|IKWALL44|XA01TEX|1.0|1.0|325.385770251|64.0|14.399999999999999|rock|-|SG001264|-|389
UTNTSkyEdge_tnt03b_54_0|54|0|1|5|5|-384.0|8640.0|-384.0|8576.0|-384.5|8608.0|576.0|576.0|576.0|IKWALL44|XA01TEX|1.0|1.0|133.385770251|64.0|14.399999999999999|rock|-|SG001264|-|389
UTNTSkyEdge_tnt03b_56_0|56|0|1|4|4|-384.0|8576.0|-384.0|8384.0|-384.5|8480.0|552.0|576.0|528.0|IKWALL44|XA01TEX|1.0|1.0|69.0|192.0|14.399999999999999|rock|-|SG001260|-|385
UTNTSkyEdge_tnt03b_59_0|59|0|1|7|7|-2560.0|9664.0|-2496.0|9664.0|-2528.0|9663.5|128.0|128.0|128.0|IKWALL44|XA01TEX|1.0|1.0|64.0|0.0|9.6|rock|-|SG001265|-|390
UTNTSkyEdge_tnt03b_60_0|60|0|1|7|7|-2496.0|9664.0|-2496.0|9600.0|-2496.5|9632.0|128.0|128.0|128.0|IKWALL44|XA01TEX|1.0|1.0|128.0|0.0|9.6|rock|-|SG001265|-|390
UTNTSkyEdge_tnt03b_61_0|61|0|1|7|7|-2496.0|9600.0|-2560.0|9600.0|-2528.0|9600.5|128.0|128.0|128.0|IKWALL44|XA01TEX|1.0|1.0|192.0|0.0|9.6|rock|-|SG001265|-|390
UTNTSkyEdge_tnt03b_62_0|62|0|1|7|7|-2560.0|9600.0|-2560.0|9664.0|-2559.5|9632.0|128.0|128.0|128.0|IKWALL44|XA01TEX|1.0|1.0|0.0|0.0|9.6|rock|-|SG001265|-|390
UTNTSkyEdge_tnt03b_448_0|448|0|1|470|470|832.0|7104.0|928.0|7072.0|879.8418861169915|7087.5256583509745|448.0|448.0|448.0|IKWALL44|XA01TEX|1.0|1.0|331.470181855|64.0|22|rock|-|SG001258|-|383
UTNTSkyEdge_tnt03b_533_0|533|0|1|3|3|-1080.0|8016.0|-1088.0|8064.0|-1083.506803038084|8040.082199493652|448.0|448.0|448.0|IKWALL44|XA01TEX|1.0|1.0|419.634701697|64.0|14.399999999999999|rock|-|SG001261|-|386
UTNTSkyEdge_tnt03b_534_0|534|0|1|3|3|-824.0|8016.0|-768.0|7680.0|-796.493196961916|7847.917800506348|448.0|448.0|448.0|IKWALL44|XA01TEX|1.0|1.0|66.662100242|64.0|15.6|rock|-|SG001261|-|386
UTNTSkyEdge_tnt03b_1937_0|1937|0|1|470|470|-1280.0|7296.0|-1152.0|7424.0|-1215.6464466094067|7359.646446609407|448.0|448.0|448.0|IKWALL44|XA01TEX|1.0|1.0|124.0|64.0|22|rock|-|SG001258|-|383
UTNTSkyEdge_tnt03b_1938_0|1938|0|1|470|470|-1728.0|7104.0|-1600.0|7296.0|-1663.583974852831|7199.722649901887|448.0|448.0|448.0|IKWALL44|XA01TEX|1.0|1.0|105.385770251|64.0|22|rock|-|SG001258|-|383
UTNTSkyEdge_tnt03b_1940_0|1940|0|1|470|470|-1344.0|7296.0|-1328.0|7296.0|-1336.0|7295.5|448.0|448.0|448.0|IKWALL44|XA01TEX|1.0|1.0|60.0|64.0|22|rock|-|SG001258|-|383
UTNTSkyEdge_tnt03b_1943_0|1943|0|0|600|600|-1536.0|7296.0|-1504.0|7296.0|-1520.0|7295.5|448.0|448.0|448.0|IKWALL44|XA01TEX|1.0|1.0|16.0|64.0|22|rock|-|SG001266|-|391
UTNTSkyEdge_tnt03b_1954_0|1954|0|1|470|470|560.0|7120.0|832.0|7104.0|695.9706389890242|7111.500862813413|448.0|448.0|448.0|IKWALL44|XA01TEX|1.0|1.0|59.0|64.0|22|rock|-|SG001258|-|383
UTNTSkyEdge_tnt03b_1955_0|1955|0|0|470|470|144.0|7120.0|192.0|7088.0|167.7226499018874|7103.5839748528315|448.0|448.0|448.0|IKWALL44|XA01TEX|1.0|1.0|5.0|-352.0|22|rock|-|SG001258|-|383
UTNTSkyEdge_tnt03b_1956_0|1956|0|0|470|470|464.0|7072.0|560.0|7120.0|512.22360679775|7095.5527864045|448.0|448.0|448.0|IKWALL44|XA01TEX|1.0|1.0|335.825905397|-352.0|22|rock|-|SG001258|-|383
UTNTSkyEdge_tnt03b_1968_0|1968|0|0|600|600|352.0|7088.0|464.0|7072.0|407.92928932188136|7079.505025253169|448.0|448.0|448.0|IKWALL44|XA01TEX|1.0|1.0|222.688820407|-352.0|22|rock|-|SG001266|-|391
UTNTSkyEdge_tnt03b_1969_0|1969|0|0|470|470|192.0|7088.0|272.0|7088.0|232.0|7087.5|448.0|448.0|448.0|IKWALL44|XA01TEX|1.0|1.0|62.688820407|-352.0|22|rock|-|SG001258|-|383
UTNTSkyEdge_tnt03b_1989_0|1989|0|1|98|98|3360.0|7744.0|3680.0|8032.0|3520.3344823658113|7887.628352926877|448.0|448.0|448.0|IKWALL44|XA01TEX|1.0|1.0|455.240979682|64.0|22|rock|-|SG001263|-|388
UTNTSkyEdge_tnt03b_2037_0|2037|0|1|470|470|1152.0|6976.0|1280.0|6912.0|1215.7763932022501|6943.5527864045|448.0|448.0|448.0|IKWALL44|XA01TEX|1.0|1.0|36.0|64.0|22|rock|-|SG001258|-|383
UTNTSkyEdge_tnt03b_2047_0|2047|0|0|470|470|928.0|7072.0|952.0|7064.0|939.8418861169915|7067.5256583509745|448.0|448.0|448.0|IKWALL44|XA01TEX|1.0|1.0|48.0|64.0|22|rock|-|SG001258|-|383
UTNTSkyEdge_tnt03b_2543_0|2543|0|0|600|600|272.0|7088.0|352.0|7088.0|312.0|7087.5|448.0|448.0|448.0|IKWALL44|XA01TEX|1.0|1.0|142.688820407|-352.0|22|rock|-|SG001266|-|391
UTNTSkyEdge_tnt03b_2553_0|2553|0|0|470|470|-1584.0|7296.0|-1552.0|7296.0|-1568.0|7295.5|448.0|448.0|448.0|IKWALL44|XA01TEX|1.0|1.0|96.0|-240.0|22|rock|-|SG001258|-|383
UTNTSkyEdge_tnt03b_2554_0|2554|0|1|470|470|-1552.0|7296.0|-1536.0|7296.0|-1544.0|7295.5|448.0|448.0|448.0|IKWALL44|XA01TEX|1.0|1.0|0.0|64.0|22|rock|-|SG001258|-|383
UTNTSkyEdge_tnt03b_2556_0|2556|0|1|470|470|-1296.0|7296.0|-1280.0|7296.0|-1288.0|7295.5|448.0|448.0|448.0|IKWALL44|XA01TEX|1.0|1.0|108.0|64.0|22|rock|-|SG001258|-|383
UTNTSkyEdge_tnt03b_2558_0|2558|0|0|470|470|-1328.0|7296.0|-1296.0|7296.0|-1312.0|7295.5|448.0|448.0|448.0|IKWALL44|XA01TEX|1.0|1.0|76.0|-240.0|22|rock|-|SG001258|-|383
UTNTSkyEdge_tnt03b_4045_0|4045|0|0|600|600|-1440.0|7296.0|-1408.0|7296.0|-1424.0|7295.5|448.0|448.0|448.0|IKWALL44|XA01TEX|1.0|1.0|112.0|64.0|22|rock|-|SG001266|-|391
UTNTSkyEdge_tnt03b_4052_0|4052|0|0|600|600|-1472.0|7296.0|-1440.0|7296.0|-1456.0|7295.5|448.0|448.0|448.0|IKWALL44|XA01TEX|1.0|1.0|80.0|64.0|22|rock|-|SG001266|-|391
UTNTSkyEdge_tnt03b_4057_0|4057|0|0|600|600|-1504.0|7296.0|-1472.0|7296.0|-1488.0|7295.5|448.0|448.0|448.0|IKWALL44|XA01TEX|1.0|1.0|48.0|64.0|22|rock|-|SG001266|-|391
UTNTSkyEdge_tnt03b_4058_0|4058|0|0|600|600|-1376.0|7296.0|-1344.0|7296.0|-1360.0|7295.5|448.0|448.0|448.0|IKWALL44|XA01TEX|1.0|1.0|48.0|64.0|22|rock|-|SG001266|-|391
UTNTSkyEdge_tnt03b_4059_0|4059|0|0|600|600|-1408.0|7296.0|-1376.0|7296.0|-1392.0|7295.5|448.0|448.0|448.0|IKWALL44|XA01TEX|1.0|1.0|16.0|64.0|22|rock|-|SG001266|-|391
UTNTSkyEdge_tnt03b_6334_0|6334|0|0|470|470|952.0|7064.0|1024.0|7040.0|987.8418861169915|7051.5256583509745|448.0|448.0|448.0|IKWALL44|XA01TEX|1.0|1.0|73.298221281|64.0|22|rock|-|SG001258|-|383
UTNTSkyEdge_tnt03b_6337_0|6337|0|0|470|470|1120.0|6992.0|1152.0|6976.0|1135.7763932022501|6983.5527864045|448.0|448.0|448.0|IKWALL44|XA01TEX|1.0|1.0|256.524148045|64.0|22|rock|-|SG001258|-|383
UTNTSkyEdge_tnt03b_12_0_terrain_2_1|12|0|1|470|470|-128.0|7040.0|144.0|7120.0|8.141083161995775|7079.520317249215|96.0|96.0|96.0|IKWALL44|XA04TEX|1.0|1.0|0.0|0.0|14|gravel|-|SG001267|-|383|2|1|470|XA04TEX|-|1.0|1.0|0.0|0.0|0.0|XA01TEX|-|1.0|1.0|105.43340224|64.0|96.0|96.0|0|0|448.0|448.0|0|0
UTNTSkyEdge_tnt03b_13_0_terrain_2_1|13|0|1|470|470|-640.0|7296.0|-128.0|7040.0|-384.22360679775|7167.5527864045|96.0|96.0|96.0|IKWALL44|XA04TEX|1.0|1.0|0.0|0.0|14|gravel|-|SG001268|-|383|2|1|470|XA04TEX|-|1.0|1.0|0.0|0.0|0.0|XA01TEX|-|1.0|1.0|45.0|64.0|96.0|96.0|0|0|448.0|448.0|0|0
UTNTSkyEdge_tnt03b_15_0_terrain_2_1|15|0|1|4|4|-768.0|8320.0|-832.0|8064.0|-800.4850712500727|8192.121267812518|288.0|320.0|256.0|IKWALL44|XA04TEX|1.0|1.0|0.0|0.0|14|gravel|-|SG001269|-|385|2|1|4|XA04TEX|-|1.0|1.0|0.0|0.0|0.0|XA01TEX|-|1.0|1.0|138.296801939|192.0|320.0|256.0|0|0|512.0|448.0|0|0
UTNTSkyEdge_tnt03b_16_0_terrain_2_1|16|0|1|4|4|-1024.0|8320.0|-896.0|8576.0|-959.5527864045|8447.77639320225|352.0|320.0|384.0|IKWALL44|XA04TEX|1.0|1.0|0.0|0.0|14|gravel|-|SG001270|-|385|2|1|4|XA04TEX|-|1.0|1.0|0.0|0.0|0.0|XA01TEX|-|1.0|1.0|348.87876004|192.0|320.0|384.0|0|0|512.0|576.0|0|0
UTNTSkyEdge_tnt03b_17_0_terrain_2_1|17|0|1|3|3|-1024.0|7680.0|-1080.0|8016.0|-1051.506803038084|7848.082199493652|184.0|128.0|240.0|IKWALL44|XA04TEX|1.0|1.0|0.0|0.0|14|gravel|-|SG001271|-|386|2|1|3|XA04TEX|-|1.0|1.0|0.0|0.0|0.0|XA01TEX|-|1.0|1.0|79.0|64.0|128.0|240.0|0|0|448.0|448.0|0|0
UTNTSkyEdge_tnt03b_18_0_terrain_2_1|18|0|1|6|6|-1152.0|7424.0|-1024.0|7680.0|-1087.5527864045|7551.77639320225|109.0909090909091|96.0|122.18181818181819|IKWALL44|XA04TEX|1.0|1.0|0.0|0.0|14|gravel|-|SG001272|-|384|2|1|6|XA04TEX|-|1.0|1.0|0.0|0.0|0.0|XA01TEX|-|1.0|1.0|49.0|64.0|96.0|122.18181818181819|0|0|448.0|448.0|0|0
UTNTSkyEdge_tnt03b_20_0_terrain_2_1|20|0|1|470|470|-1920.0|7040.0|-1728.0|7104.0|-1823.8418861169916|7071.5256583509745|96.0|96.0|96.0|IKWALL44|XA04TEX|1.0|1.0|0.0|0.0|14|gravel|-|SG001273|-|383|2|1|470|XA04TEX|-|1.0|1.0|0.0|0.0|0.0|XA01TEX|-|1.0|1.0|415.0|64.0|96.0|96.0|0|0|448.0|448.0|0|0
UTNTSkyEdge_tnt03b_21_0_terrain_2_1|21|0|1|470|470|-2304.0|7040.0|-1920.0|7040.0|-2112.0|7039.5|96.0|96.0|96.0|IKWALL44|XA04TEX|1.0|1.0|0.0|0.0|14|gravel|-|SG001274|-|383|2|1|470|XA04TEX|-|1.0|1.0|0.0|0.0|0.0|XA01TEX|-|1.0|1.0|31.0|64.0|96.0|96.0|0|0|448.0|448.0|0|0
UTNTSkyEdge_tnt03b_22_0_terrain_2_1|22|0|1|99|99|-2688.0|7136.0|-2304.0|7040.0|-2496.121267812518|7087.514928749927|-384.0|-384.0|-384.0|IKWALL44|XA04TEX|1.0|1.0|0.0|0.0|14|gravel|-|SG001275|-|387|2|1|99|XA04TEX|-|1.0|1.0|0.0|0.0|0.0|XA01TEX|-|1.0|1.0|19.843127274|64.0|-384.0|-384.0|0|0|448.0|448.0|0|0
UTNTSkyEdge_tnt03b_23_0_terrain_2_1|23|0|1|99|99|-3552.0|7456.0|-2688.0|7136.0|-3120.173657177912|7295.531125619638|-384.0|-384.0|-384.0|IKWALL44|XA04TEX|1.0|1.0|0.0|0.0|14|gravel|-|SG001276|-|387|2|1|99|XA04TEX|-|1.0|1.0|0.0|0.0|0.0|XA01TEX|-|1.0|1.0|122.487604145|64.0|-384.0|-384.0|0|0|448.0|448.0|0|0
UTNTSkyEdge_tnt03b_27_0_terrain_2_1|27|0|1|98|98|2304.0|7296.0|2880.0|7680.0|2592.2773500981125|7487.5839748528315|-384.0|-384.0|-384.0|IKWALL44|XA04TEX|1.0|1.0|0.0|0.0|14|gravel|-|SG001277|-|388|2|1|98|XA04TEX|-|1.0|1.0|0.0|0.0|0.0|XA01TEX|-|1.0|1.0|302.727264379|64.0|-384.0|-384.0|0|0|448.0|448.0|0|0
UTNTSkyEdge_tnt03b_28_0_terrain_2_1|28|0|1|98|98|2048.0|6912.0|2304.0|7296.0|2176.416025147169|7103.722649901887|-384.0|-384.0|-384.0|IKWALL44|XA04TEX|1.0|1.0|0.0|0.0|14|gravel|-|SG001278|-|388|2|1|98|XA04TEX|-|1.0|1.0|0.0|0.0|0.0|XA01TEX|-|1.0|1.0|353.21670112|64.0|-384.0|-384.0|0|0|448.0|448.0|0|0
UTNTSkyEdge_tnt03b_29_0_terrain_2_1|29|0|1|98|98|1792.0|6784.0|2048.0|6912.0|1920.2236067977499|6847.5527864045|-384.0|-384.0|-384.0|IKWALL44|XA04TEX|1.0|1.0|0.0|0.0|5|gravel|-|SG001279|-|388|2|1|98|XA04TEX|-|1.0|1.0|0.0|0.0|0.0|XA01TEX|-|1.0|1.0|67.0|64.0|-384.0|-384.0|0|0|448.0|448.0|0|0
UTNTSkyEdge_tnt03b_31_0_terrain_2_1|31|0|1|98|98|2880.0|7680.0|3360.0|7744.0|3120.0660818600454|7711.504386049659|-384.0|-384.0|-384.0|IKWALL44|XA04TEX|1.0|1.0|0.0|0.0|14|gravel|-|SG001280|-|388|2|1|98|XA04TEX|-|1.0|1.0|0.0|0.0|0.0|XA01TEX|-|1.0|1.0|482.993109268|64.0|-384.0|-384.0|0|0|448.0|448.0|0|0
UTNTSkyEdge_tnt03b_34_0_terrain_2_1|34|0|1|99|99|-4256.0|8352.0|-3552.0|7456.0|-3904.3931591694113|7903.691089224034|-384.0|-384.0|-384.0|IKWALL44|XA04TEX|1.0|1.0|0.0|0.0|14|gravel|-|SG001281|-|387|2|1|99|XA04TEX|-|1.0|1.0|0.0|0.0|0.0|XA01TEX|-|1.0|1.0|7.0|64.0|-384.0|-384.0|0|0|448.0|448.0|0|0
UTNTSkyEdge_tnt03b_35_0_terrain_1_0|35|0|2|1|470|-2304.0|7040.0|-2240.0|6912.0|-2272.4472135954998|6975.77639320225|96.0|96.0|96.0|IKWALL44|XA01TEX|1.0|1.0|31.0|32.0|8|rock|-|SG001282|-|392|1|0|470|XA04TEX|-|1.0|1.0|0.0|0.0|0.0|XA01TEX|-|1.0|1.0|31.0|32.0|-384.0|-384.0|96.0|96.0|648.0|648.0|448.0|448.0
UTNTSkyEdge_tnt03b_35_0_terrain_1_1|35|0|2|1|470|-2304.0|7040.0|-2240.0|6912.0|-2271.5527864045002|6976.22360679775|96.0|96.0|96.0|IKWALL44|XA04TEX|1.0|1.0|0.0|0.0|8|gravel|-|SG001283|-|383|1|1|470|XA04TEX|-|1.0|1.0|0.0|0.0|0.0|XA01TEX|-|1.0|1.0|31.0|32.0|-384.0|-384.0|96.0|96.0|648.0|648.0|448.0|448.0
UTNTSkyEdge_tnt03b_35_0_terrain_2_1|35|0|2|1|1|-2304.0|7040.0|-2240.0|6912.0|-2272.4472135954998|6975.77639320225|-384.0|-384.0|-384.0|IKWALL44|XA04TEX|1.0|1.0|0.0|0.0|14|gravel|-|SG001284|-|392|2|1|1|XA04TEX|-|1.0|1.0|0.0|0.0|0.0|XA01TEX|-|1.0|1.0|31.0|32.0|-384.0|-384.0|96.0|96.0|648.0|648.0|448.0|448.0
UTNTSkyEdge_tnt03b_36_0_terrain_1_0|36|0|2|1|470|1920.0|6592.0|1792.0|6784.0|1856.416025147169|6688.277350098113|96.0|96.0|96.0|IKWALL44|XA01TEX|1.0|1.0|348.40811985|32.0|8|rock|-|SG001282|-|392|1|0|470|XA04TEX|-|1.0|1.0|0.0|0.0|0.0|XA01TEX|-|1.0|1.0|348.40811985|32.0|-384.0|-384.0|96.0|96.0|648.0|648.0|448.0|448.0
UTNTSkyEdge_tnt03b_36_0_terrain_1_1|36|0|2|1|470|1920.0|6592.0|1792.0|6784.0|1855.583974852831|6687.722649901887|96.0|96.0|96.0|IKWALL44|XA04TEX|1.0|1.0|0.0|0.0|8|gravel|-|SG001283|-|383|1|1|470|XA04TEX|-|1.0|1.0|0.0|0.0|0.0|XA01TEX|-|1.0|1.0|348.40811985|32.0|-384.0|-384.0|96.0|96.0|648.0|648.0|448.0|448.0
UTNTSkyEdge_tnt03b_36_0_terrain_2_1|36|0|2|1|1|1920.0|6592.0|1792.0|6784.0|1856.416025147169|6688.277350098113|-384.0|-384.0|-384.0|IKWALL44|XA04TEX|1.0|1.0|0.0|0.0|14|gravel|-|SG001285|-|392|2|1|1|XA04TEX|-|1.0|1.0|0.0|0.0|0.0|XA01TEX|-|1.0|1.0|348.40811985|32.0|-384.0|-384.0|96.0|96.0|648.0|648.0|448.0|448.0
UTNTSkyEdge_tnt03b_37_0_terrain_1_0|37|0|2|1|470|-1984.0|6720.0|-1568.0|6592.0|-1776.1470429244187|6655.522110495639|96.0|96.0|96.0|IKWALL44|XA01TEX|1.0|1.0|494.10835056|32.0|8|rock|-|SG001282|-|392|1|0|470|XA04TEX|-|1.0|1.0|0.0|0.0|0.0|XA01TEX|-|1.0|1.0|494.10835056|32.0|-384.0|-384.0|96.0|96.0|648.0|648.0|448.0|448.0
UTNTSkyEdge_tnt03b_37_0_terrain_1_1|37|0|2|1|470|-1984.0|6720.0|-1568.0|6592.0|-1775.8529570755813|6656.477889504361|96.0|96.0|96.0|IKWALL44|XA04TEX|1.0|1.0|0.0|0.0|8|gravel|-|SG001283|-|383|1|1|470|XA04TEX|-|1.0|1.0|0.0|0.0|0.0|XA01TEX|-|1.0|1.0|494.10835056|32.0|-384.0|-384.0|96.0|96.0|648.0|648.0|448.0|448.0
UTNTSkyEdge_tnt03b_37_0_terrain_2_1|37|0|2|1|1|-1984.0|6720.0|-1568.0|6592.0|-1776.1470429244187|6655.522110495639|-384.0|-384.0|-384.0|IKWALL44|XA04TEX|1.0|1.0|0.0|0.0|14|gravel|-|SG001286|-|392|2|1|1|XA04TEX|-|1.0|1.0|0.0|0.0|0.0|XA01TEX|-|1.0|1.0|494.10835056|32.0|-384.0|-384.0|96.0|96.0|648.0|648.0|448.0|448.0
UTNTSkyEdge_tnt03b_38_0_terrain_1_0|38|0|2|1|470|-2240.0|6912.0|-1984.0|6720.0|-2112.3|6815.6|96.0|96.0|96.0|IKWALL44|XA01TEX|1.0|1.0|174.10835056|32.0|8|rock|-|SG001282|-|392|1|0|470|XA04TEX|-|1.0|1.0|0.0|0.0|0.0|XA01TEX|-|1.0|1.0|174.10835056|32.0|-384.0|-384.0|96.0|96.0|648.0|648.0|448.0|448.0
UTNTSkyEdge_tnt03b_38_0_terrain_1_1|38|0|2|1|470|-2240.0|6912.0|-1984.0|6720.0|-2111.7|6816.4|96.0|96.0|96.0|IKWALL44|XA04TEX|1.0|1.0|0.0|0.0|8|gravel|-|SG001283|-|383|1|1|470|XA04TEX|-|1.0|1.0|0.0|0.0|0.0|XA01TEX|-|1.0|1.0|174.10835056|32.0|-384.0|-384.0|96.0|96.0|648.0|648.0|448.0|448.0
UTNTSkyEdge_tnt03b_40_0_terrain_1_0|40|0|2|1|470|-1184.0|6592.0|-896.0|6784.0|-1039.7226499018873|6687.5839748528315|96.0|96.0|96.0|IKWALL44|XA01TEX|1.0|1.0|38.0|32.0|8|rock|-|SG001282|-|392|1|0|470|XA04TEX|-|1.0|1.0|0.0|0.0|0.0|XA01TEX|-|1.0|1.0|38.0|32.0|-384.0|-384.0|96.0|96.0|648.0|648.0|448.0|448.0
UTNTSkyEdge_tnt03b_40_0_terrain_1_1|40|0|2|1|470|-1184.0|6592.0|-896.0|6784.0|-1040.2773500981127|6688.4160251471685|96.0|96.0|96.0|IKWALL44|XA04TEX|1.0|1.0|0.0|0.0|8|gravel|-|SG001283|-|383|1|1|470|XA04TEX|-|1.0|1.0|0.0|0.0|0.0|XA01TEX|-|1.0|1.0|38.0|32.0|-384.0|-384.0|96.0|96.0|648.0|648.0|448.0|448.0
UTNTSkyEdge_tnt03b_40_0_terrain_2_1|40|0|2|1|1|-1184.0|6592.0|-896.0|6784.0|-1039.7226499018873|6687.5839748528315|-384.0|-384.0|-384.0|IKWALL44|XA04TEX|1.0|1.0|0.0|0.0|14|gravel|-|SG001287|-|392|2|1|1|XA04TEX|-|1.0|1.0|0.0|0.0|0.0|XA01TEX|-|1.0|1.0|38.0|32.0|-384.0|-384.0|96.0|96.0|648.0|648.0|448.0|448.0
UTNTSkyEdge_tnt03b_41_0_terrain_1_0|41|0|2|1|470|-896.0|6784.0|-448.0|6720.0|-672.0707106781186|6751.505025253169|96.0|96.0|96.0|IKWALL44|XA01TEX|1.0|1.0|384.132922445|32.0|8|rock|-|SG001282|-|392|1|0|470|XA04TEX|-|1.0|1.0|0.0|0.0|0.0|XA01TEX|-|1.0|1.0|384.132922445|32.0|-384.0|-384.0|96.0|96.0|648.0|648.0|448.0|448.0
UTNTSkyEdge_tnt03b_41_0_terrain_1_1|41|0|2|1|470|-896.0|6784.0|-448.0|6720.0|-671.9292893218814|6752.494974746831|96.0|96.0|96.0|IKWALL44|XA04TEX|1.0|1.0|0.0|0.0|8|gravel|-|SG001283|-|383|1|1|470|XA04TEX|-|1.0|1.0|0.0|0.0|0.0|XA01TEX|-|1.0|1.0|384.132922445|32.0|-384.0|-384.0|96.0|96.0|648.0|648.0|448.0|448.0
UTNTSkyEdge_tnt03b_41_0_terrain_2_1|41|0|2|1|1|-896.0|6784.0|-448.0|6720.0|-672.0707106781186|6751.505025253169|-384.0|-384.0|-384.0|IKWALL44|XA04TEX|1.0|1.0|0.0|0.0|14|gravel|-|SG001288|-|392|2|1|1|XA04TEX|-|1.0|1.0|0.0|0.0|0.0|XA01TEX|-|1.0|1.0|384.132922445|32.0|-384.0|-384.0|96.0|96.0|648.0|648.0|448.0|448.0
UTNTSkyEdge_tnt03b_42_0_terrain_1_0|42|0|2|1|470|-448.0|6720.0|-64.0|6592.0|-256.1581138830084|6655.5256583509745|96.0|96.0|96.0|IKWALL44|XA01TEX|1.0|1.0|324.681262404|32.0|8|rock|-|SG001282|-|392|1|0|470|XA04TEX|-|1.0|1.0|0.0|0.0|0.0|XA01TEX|-|1.0|1.0|324.681262404|32.0|-384.0|-384.0|96.0|96.0|648.0|648.0|448.0|448.0
UTNTSkyEdge_tnt03b_42_0_terrain_1_1|42|0|2|1|470|-448.0|6720.0|-64.0|6592.0|-255.8418861169916|6656.4743416490255|96.0|96.0|96.0|IKWALL44|XA04TEX|1.0|1.0|0.0|0.0|8|gravel|-|SG001283|-|383|1|1|470|XA04TEX|-|1.0|1.0|0.0|0.0|0.0|XA01TEX|-|1.0|1.0|324.681262404|32.0|-384.0|-384.0|96.0|96.0|648.0|648.0|448.0|448.0
UTNTSkyEdge_tnt03b_42_0_terrain_2_1|42|0|2|1|1|-448.0|6720.0|-64.0|6592.0|-256.1581138830084|6655.5256583509745|-384.0|-384.0|-384.0|IKWALL44|XA04TEX|1.0|1.0|0.0|0.0|14|gravel|-|SG001289|-|392|2|1|1|XA04TEX|-|1.0|1.0|0.0|0.0|0.0|XA01TEX|-|1.0|1.0|324.681262404|32.0|-384.0|-384.0|96.0|96.0|648.0|648.0|448.0|448.0
UTNTSkyEdge_tnt03b_43_0_terrain_1_0|43|0|2|1|470|1824.0|6336.0|1920.0|6592.0|1872.4681645887845|6463.824438279205|96.0|96.0|96.0|IKWALL44|XA01TEX|1.0|1.0|75.0|32.0|8|rock|-|SG001282|-|392|1|0|470|XA04TEX|-|1.0|1.0|0.0|0.0|0.0|XA01TEX|-|1.0|1.0|75.0|32.0|-384.0|-384.0|96.0|96.0|648.0|648.0|448.0|448.0
UTNTSkyEdge_tnt03b_43_0_terrain_1_1|43|0|2|1|470|1824.0|6336.0|1920.0|6592.0|1871.5318354112155|6464.175561720795|96.0|96.0|96.0|IKWALL44|XA04TEX|1.0|1.0|0.0|0.0|8|gravel|-|SG001283|-|383|1|1|470|XA04TEX|-|1.0|1.0|0.0|0.0|0.0|XA01TEX|-|1.0|1.0|75.0|32.0|-384.0|-384.0|96.0|96.0|648.0|648.0|448.0|448.0
UTNTSkyEdge_tnt03b_45_0_terrain_1_0|45|0|2|1|470|1472.0|6464.0|1568.0|6336.0|1519.6|6399.7|96.0|96.0|96.0|IKWALL44|XA01TEX|1.0|1.0|242.908980551|32.0|8|rock|-|SG001282|-|392|1|0|470|XA04TEX|-|1.0|1.0|0.0|0.0|0.0|XA01TEX|-|1.0|1.0|242.908980551|32.0|-384.0|-384.0|96.0|96.0|648.0|648.0|448.0|448.0
UTNTSkyEdge_tnt03b_45_0_terrain_1_1|45|0|2|1|470|1472.0|6464.0|1568.0|6336.0|1520.4|6400.3|96.0|96.0|96.0|IKWALL44|XA04TEX|1.0|1.0|0.0|0.0|8|gravel|-|SG001283|-|383|1|1|470|XA04TEX|-|1.0|1.0|0.0|0.0|0.0|XA01TEX|-|1.0|1.0|242.908980551|32.0|-384.0|-384.0|96.0|96.0|648.0|648.0|448.0|448.0
UTNTSkyEdge_tnt03b_46_0_terrain_1_0|46|0|2|1|470|1024.0|6592.0|1472.0|6464.0|1247.8626394360513|6527.51923802618|96.0|96.0|96.0|IKWALL44|XA01TEX|1.0|1.0|288.981947637|32.0|8|rock|-|SG001282|-|392|1|0|470|XA04TEX|-|1.0|1.0|0.0|0.0|0.0|XA01TEX|-|1.0|1.0|288.981947637|32.0|-384.0|-384.0|96.0|96.0|648.0|648.0|448.0|448.0
UTNTSkyEdge_tnt03b_46_0_terrain_1_1|46|0|2|1|470|1024.0|6592.0|1472.0|6464.0|1248.1373605639487|6528.48076197382|96.0|96.0|96.0|IKWALL44|XA04TEX|1.0|1.0|0.0|0.0|8|gravel|-|SG001283|-|383|1|1|470|XA04TEX|-|1.0|1.0|0.0|0.0|0.0|XA01TEX|-|1.0|1.0|288.981947637|32.0|-384.0|-384.0|96.0|96.0|648.0|648.0|448.0|448.0
UTNTSkyEdge_tnt03b_46_0_terrain_2_1|46|0|2|1|1|1024.0|6592.0|1472.0|6464.0|1247.8626394360513|6527.51923802618|-384.0|-384.0|-384.0|IKWALL44|XA04TEX|1.0|1.0|0.0|0.0|14|gravel|-|SG001290|-|392|2|1|1|XA04TEX|-|1.0|1.0|0.0|0.0|0.0|XA01TEX|-|1.0|1.0|288.981947637|32.0|-384.0|-384.0|96.0|96.0|648.0|648.0|448.0|448.0
UTNTSkyEdge_tnt03b_47_0_terrain_1_0|47|0|2|1|470|-64.0|6592.0|512.0|6656.0|224.0552157630374|6623.503058132663|96.0|96.0|96.0|IKWALL44|XA01TEX|1.0|1.0|217.452802905|32.0|8|rock|-|SG001282|-|392|1|0|470|XA04TEX|-|1.0|1.0|0.0|0.0|0.0|XA01TEX|-|1.0|1.0|217.452802905|32.0|-384.0|-384.0|96.0|96.0|648.0|648.0|448.0|448.0
UTNTSkyEdge_tnt03b_47_0_terrain_1_1|47|0|2|1|470|-64.0|6592.0|512.0|6656.0|223.9447842369626|6624.496941867337|96.0|96.0|96.0|IKWALL44|XA04TEX|1.0|1.0|0.0|0.0|8|gravel|-|SG001283|-|383|1|1|470|XA04TEX|-|1.0|1.0|0.0|0.0|0.0|XA01TEX|-|1.0|1.0|217.452802905|32.0|-384.0|-384.0|96.0|96.0|648.0|648.0|448.0|448.0
UTNTSkyEdge_tnt03b_52_0_terrain_2_1|52|0|1|5|5|-896.0|8576.0|-704.0|8640.0|-799.8418861169915|8607.525658350974|384.0|384.0|384.0|IKWALL44|XA04TEX|1.0|1.0|0.0|0.0|5|gravel|-|SG001291|-|389|2|1|5|XA04TEX|-|1.0|1.0|0.0|0.0|0.0|XA01TEX|-|1.0|1.0|123.0|64.0|384.0|384.0|0|0|576.0|576.0|0|0
UTNTSkyEdge_tnt03b_53_0_terrain_2_1|53|0|1|5|5|-704.0|8640.0|-384.0|8640.0|-544.0|8639.5|384.0|384.0|384.0|IKWALL44|XA04TEX|1.0|1.0|0.0|0.0|14|gravel|-|SG001292|-|389|2|1|5|XA04TEX|-|1.0|1.0|0.0|0.0|0.0|XA01TEX|-|1.0|1.0|325.385770251|64.0|384.0|384.0|0|0|576.0|576.0|0|0
UTNTSkyEdge_tnt03b_56_0_terrain_2_1|56|0|1|4|4|-384.0|8576.0|-384.0|8384.0|-384.5|8480.0|360.0|384.0|336.0|IKWALL44|XA04TEX|1.0|1.0|0.0|0.0|14|gravel|-|SG001293|-|385|2|1|4|XA04TEX|-|1.0|1.0|0.0|0.0|0.0|XA01TEX|-|1.0|1.0|69.0|192.0|384.0|336.0|0|0|576.0|528.0|0|0
UTNTSkyEdge_tnt03b_66_1_terrain_2_1|66|1|2|1|1|3872.0|2528.0|-4448.0|2528.0|-288.0|2528.5|-384.0|-384.0|-384.0|IKWALL44|XA04TEX|1.0|1.0|0.0|0.0|14|gravel|-|SG001294|-|392|2|1|1|XA04TEX|-|1.0|1.0|0.0|0.0|0.0|XA01TEX|-|1.0|1.0|477.025422633|5.0|-384.0|-384.0|-133.0|-133.0|648.0|648.0|648.0|648.0
UTNTSkyEdge_tnt03b_69_0_terrain_1_0|69|0|2|1|9|-32.0|5216.0|-384.0|5376.0|-207.7930985278494|5296.4551832387315|96.0|96.0|96.0|IKWALL44|XA01TEX|1.0|1.0|214.465374225|-1032.0|8|rock|-|SG001282|-|392|1|0|9|XA04TEX|-|1.0|1.0|0.0|0.0|0.0|XA01TEX|-|1.0|1.0|214.465374225|-1032.0|-384.0|-384.0|96.0|96.0|648.0|648.0|648.0|648.0
UTNTSkyEdge_tnt03b_69_0_terrain_1_1|69|0|2|1|9|-32.0|5216.0|-384.0|5376.0|-208.2069014721506|5295.5448167612685|96.0|96.0|96.0|IKWALL44|XA04TEX|1.0|1.0|0.0|0.0|8|gravel|-|SG001295|-|393|1|1|9|XA04TEX|-|1.0|1.0|0.0|0.0|0.0|XA01TEX|-|1.0|1.0|214.465374225|-1032.0|-384.0|-384.0|96.0|96.0|648.0|648.0|648.0|648.0
UTNTSkyEdge_tnt03b_69_0_terrain_2_1|69|0|2|1|1|-32.0|5216.0|-384.0|5376.0|-207.7930985278494|5296.4551832387315|-384.0|-384.0|-384.0|IKWALL44|XA04TEX|1.0|1.0|0.0|0.0|14|gravel|-|SG001296|-|392|2|1|1|XA04TEX|-|1.0|1.0|0.0|0.0|0.0|XA01TEX|-|1.0|1.0|214.465374225|-1032.0|-384.0|-384.0|96.0|96.0|648.0|648.0|648.0|648.0
UTNTSkyEdge_tnt03b_70_0_terrain_1_0|70|0|2|1|9|-384.0|5376.0|-768.0|5504.0|-575.8418861169915|5440.4743416490255|96.0|96.0|96.0|IKWALL44|XA01TEX|1.0|1.0|89.12284538|-1032.0|8|rock|-|SG001282|-|392|1|0|9|XA04TEX|-|1.0|1.0|0.0|0.0|0.0|XA01TEX|-|1.0|1.0|89.12284538|-1032.0|-384.0|-384.0|96.0|96.0|648.0|648.0|648.0|648.0
UTNTSkyEdge_tnt03b_70_0_terrain_1_1|70|0|2|1|9|-384.0|5376.0|-768.0|5504.0|-576.1581138830085|5439.5256583509745|96.0|96.0|96.0|IKWALL44|XA04TEX|1.0|1.0|0.0|0.0|8|gravel|-|SG001295|-|393|1|1|9|XA04TEX|-|1.0|1.0|0.0|0.0|0.0|XA01TEX|-|1.0|1.0|89.12284538|-1032.0|-384.0|-384.0|96.0|96.0|648.0|648.0|648.0|648.0
UTNTSkyEdge_tnt03b_70_0_terrain_2_1|70|0|2|1|1|-384.0|5376.0|-768.0|5504.0|-575.8418861169915|5440.4743416490255|-384.0|-384.0|-384.0|IKWALL44|XA04TEX|1.0|1.0|0.0|0.0|14|gravel|-|SG001297|-|392|2|1|1|XA04TEX|-|1.0|1.0|0.0|0.0|0.0|XA01TEX|-|1.0|1.0|89.12284538|-1032.0|-384.0|-384.0|96.0|96.0|648.0|648.0|648.0|648.0
UTNTSkyEdge_tnt03b_71_0_terrain_1_0|71|0|2|1|9|-768.0|5504.0|-1184.0|5504.0|-976.0|5504.5|96.0|96.0|96.0|IKWALL44|XA01TEX|1.0|1.0|493.894385882|-1032.0|8|rock|-|SG001282|-|392|1|0|9|XA04TEX|-|1.0|1.0|0.0|0.0|0.0|XA01TEX|-|1.0|1.0|493.894385882|-1032.0|-384.0|-384.0|96.0|96.0|648.0|648.0|648.0|648.0
UTNTSkyEdge_tnt03b_71_0_terrain_1_1|71|0|2|1|9|-768.0|5504.0|-1184.0|5504.0|-976.0|5503.5|96.0|96.0|96.0|IKWALL44|XA04TEX|1.0|1.0|0.0|0.0|8|gravel|-|SG001295|-|393|1|1|9|XA04TEX|-|1.0|1.0|0.0|0.0|0.0|XA01TEX|-|1.0|1.0|493.894385882|-1032.0|-384.0|-384.0|96.0|96.0|648.0|648.0|648.0|648.0
UTNTSkyEdge_tnt03b_71_0_terrain_2_1|71|0|2|1|1|-768.0|5504.0|-1184.0|5504.0|-976.0|5504.5|-384.0|-384.0|-384.0|IKWALL44|XA04TEX|1.0|1.0|0.0|0.0|14|gravel|-|SG001298|-|392|2|1|1|XA04TEX|-|1.0|1.0|0.0|0.0|0.0|XA01TEX|-|1.0|1.0|493.894385882|-1032.0|-384.0|-384.0|96.0|96.0|648.0|648.0|648.0|648.0
UTNTSkyEdge_tnt03b_73_0_terrain_1_0|73|0|2|1|9|-1568.0|5504.0|-1792.0|5504.0|-1680.0|5504.5|96.0|96.0|96.0|IKWALL44|XA01TEX|1.0|1.0|0.0|-1032.0|8|rock|-|SG001282|-|392|1|0|9|XA04TEX|-|1.0|1.0|0.0|0.0|0.0|XA01TEX|-|1.0|1.0|0.0|-1032.0|-384.0|-384.0|96.0|96.0|648.0|648.0|648.0|648.0
UTNTSkyEdge_tnt03b_73_0_terrain_1_1|73|0|2|1|9|-1568.0|5504.0|-1792.0|5504.0|-1680.0|5503.5|96.0|96.0|96.0|IKWALL44|XA04TEX|1.0|1.0|0.0|0.0|8|gravel|-|SG001295|-|393|1|1|9|XA04TEX|-|1.0|1.0|0.0|0.0|0.0|XA01TEX|-|1.0|1.0|0.0|-1032.0|-384.0|-384.0|96.0|96.0|648.0|648.0|648.0|648.0
UTNTSkyEdge_tnt03b_74_0_terrain_1_0|74|0|2|1|9|-1792.0|5504.0|-2240.0|5504.0|-2016.0|5504.5|96.0|96.0|96.0|IKWALL44|XA01TEX|1.0|1.0|224.0|-1032.0|8|rock|-|SG001282|-|392|1|0|9|XA04TEX|-|1.0|1.0|0.0|0.0|0.0|XA01TEX|-|1.0|1.0|224.0|-1032.0|-384.0|-384.0|96.0|96.0|648.0|648.0|648.0|648.0
UTNTSkyEdge_tnt03b_74_0_terrain_1_1|74|0|2|1|9|-1792.0|5504.0|-2240.0|5504.0|-2016.0|5503.5|96.0|96.0|96.0|IKWALL44|XA04TEX|1.0|1.0|0.0|0.0|8|gravel|-|SG001295|-|393|1|1|9|XA04TEX|-|1.0|1.0|0.0|0.0|0.0|XA01TEX|-|1.0|1.0|224.0|-1032.0|-384.0|-384.0|96.0|96.0|648.0|648.0|648.0|648.0
UTNTSkyEdge_tnt03b_74_0_terrain_2_1|74|0|2|1|1|-1792.0|5504.0|-2240.0|5504.0|-2016.0|5504.5|-384.0|-384.0|-384.0|IKWALL44|XA04TEX|1.0|1.0|0.0|0.0|14|gravel|-|SG001298|-|392|2|1|1|XA04TEX|-|1.0|1.0|0.0|0.0|0.0|XA01TEX|-|1.0|1.0|224.0|-1032.0|-384.0|-384.0|96.0|96.0|648.0|648.0|648.0|648.0
UTNTSkyEdge_tnt03b_75_0_terrain_1_0|75|0|2|1|9|-2240.0|5504.0|-2496.0|5376.0|-2368.22360679775|5440.4472135955|96.0|96.0|96.0|IKWALL44|XA01TEX|1.0|1.0|160.0|-1032.0|8|rock|-|SG001282|-|392|1|0|9|XA04TEX|-|1.0|1.0|0.0|0.0|0.0|XA01TEX|-|1.0|1.0|160.0|-1032.0|-384.0|-384.0|96.0|96.0|648.0|648.0|648.0|648.0
UTNTSkyEdge_tnt03b_75_0_terrain_1_1|75|0|2|1|9|-2240.0|5504.0|-2496.0|5376.0|-2367.77639320225|5439.5527864045|96.0|96.0|96.0|IKWALL44|XA04TEX|1.0|1.0|0.0|0.0|8|gravel|-|SG001295|-|393|1|1|9|XA04TEX|-|1.0|1.0|0.0|0.0|0.0|XA01TEX|-|1.0|1.0|160.0|-1032.0|-384.0|-384.0|96.0|96.0|648.0|648.0|648.0|648.0
UTNTSkyEdge_tnt03b_75_0_terrain_2_1|75|0|2|1|1|-2240.0|5504.0|-2496.0|5376.0|-2368.22360679775|5440.4472135955|-384.0|-384.0|-384.0|IKWALL44|XA04TEX|1.0|1.0|0.0|0.0|14|gravel|-|SG001299|-|392|2|1|1|XA04TEX|-|1.0|1.0|0.0|0.0|0.0|XA01TEX|-|1.0|1.0|160.0|-1032.0|-384.0|-384.0|96.0|96.0|648.0|648.0|648.0|648.0
UTNTSkyEdge_tnt03b_76_0_terrain_1_0|76|0|2|1|9|-2496.0|5376.0|-2720.0|4960.0|-2608.440235549961|5168.237049911518|96.0|96.0|96.0|IKWALL44|XA01TEX|1.0|1.0|446.21670112|-1032.0|8|rock|-|SG001282|-|392|1|0|9|XA04TEX|-|1.0|1.0|0.0|0.0|0.0|XA01TEX|-|1.0|1.0|446.21670112|-1032.0|-384.0|-384.0|96.0|96.0|648.0|648.0|648.0|648.0
UTNTSkyEdge_tnt03b_76_0_terrain_1_1|76|0|2|1|9|-2496.0|5376.0|-2720.0|4960.0|-2607.559764450039|5167.762950088482|96.0|96.0|96.0|IKWALL44|XA04TEX|1.0|1.0|0.0|0.0|8|gravel|-|SG001295|-|393|1|1|9|XA04TEX|-|1.0|1.0|0.0|0.0|0.0|XA01TEX|-|1.0|1.0|446.21670112|-1032.0|-384.0|-384.0|96.0|96.0|648.0|648.0|648.0|648.0
UTNTSkyEdge_tnt03b_76_0_terrain_2_1|76|0|2|1|1|-2496.0|5376.0|-2720.0|4960.0|-2608.440235549961|5168.237049911518|-384.0|-384.0|-384.0|IKWALL44|XA04TEX|1.0|1.0|0.0|0.0|14|gravel|-|SG001300|-|392|2|1|1|XA04TEX|-|1.0|1.0|0.0|0.0|0.0|XA01TEX|-|1.0|1.0|446.21670112|-1032.0|-384.0|-384.0|96.0|96.0|648.0|648.0|648.0|648.0
UTNTSkyEdge_tnt03b_77_0_terrain_1_0|77|0|2|1|9|-2720.0|4960.0|-2656.0|4448.0|-2688.496138938357|4703.937982632706|96.0|96.0|96.0|IKWALL44|XA01TEX|1.0|1.0|406.691039047|-1032.0|8|rock|-|SG001282|-|392|1|0|9|XA04TEX|-|1.0|1.0|0.0|0.0|0.0|XA01TEX|-|1.0|1.0|406.691039047|-1032.0|-384.0|-384.0|96.0|96.0|648.0|648.0|648.0|648.0
UTNTSkyEdge_tnt03b_77_0_terrain_1_1|77|0|2|1|9|-2720.0|4960.0|-2656.0|4448.0|-2687.503861061643|4704.062017367294|96.0|96.0|96.0|IKWALL44|XA04TEX|1.0|1.0|0.0|0.0|8|gravel|-|SG001295|-|393|1|1|9|XA04TEX|-|1.0|1.0|0.0|0.0|0.0|XA01TEX|-|1.0|1.0|406.691039047|-1032.0|-384.0|-384.0|96.0|96.0|648.0|648.0|648.0|648.0
UTNTSkyEdge_tnt03b_78_0_terrain_1_0|78|0|2|1|9|-2656.0|4448.0|-2464.0|4192.0|-2560.4|4319.7|96.0|96.0|96.0|IKWALL44|XA01TEX|1.0|1.0|410.675534939|-1032.0|8|rock|-|SG001282|-|392|1|0|9|XA04TEX|-|1.0|1.0|0.0|0.0|0.0|XA01TEX|-|1.0|1.0|410.675534939|-1032.0|-384.0|-384.0|96.0|96.0|648.0|648.0|648.0|648.0
UTNTSkyEdge_tnt03b_78_0_terrain_1_1|78|0|2|1|9|-2656.0|4448.0|-2464.0|4192.0|-2559.6|4320.3|96.0|96.0|96.0|IKWALL44|XA04TEX|1.0|1.0|0.0|0.0|8|gravel|-|SG001295|-|393|1|1|9|XA04TEX|-|1.0|1.0|0.0|0.0|0.0|XA01TEX|-|1.0|1.0|410.675534939|-1032.0|-384.0|-384.0|96.0|96.0|648.0|648.0|648.0|648.0
UTNTSkyEdge_tnt03b_78_0_terrain_2_1|78|0|2|1|1|-2656.0|4448.0|-2464.0|4192.0|-2560.4|4319.7|-384.0|-384.0|-384.0|IKWALL44|XA04TEX|1.0|1.0|0.0|0.0|14|gravel|-|SG001301|-|392|2|1|1|XA04TEX|-|1.0|1.0|0.0|0.0|0.0|XA01TEX|-|1.0|1.0|410.675534939|-1032.0|-384.0|-384.0|96.0|96.0|648.0|648.0|648.0|648.0
UTNTSkyEdge_tnt03b_80_0_terrain_1_0|80|0|2|1|108|-2464.0|2784.0|-2080.0|2656.0|-2272.1581138830084|2719.525658350975|96.0|96.0|96.0|IKWALL44|XA01TEX|1.0|1.0|346.65010336|-1032.0|8|rock|-|SG001282|-|392|1|0|108|XA04TEX|-|1.0|1.0|0.0|0.0|0.0|XA01TEX|-|1.0|1.0|346.65010336|-1032.0|-384.0|-384.0|96.0|96.0|648.0|648.0|648.0|648.0
UTNTSkyEdge_tnt03b_80_0_terrain_1_1|80|0|2|1|108|-2464.0|2784.0|-2080.0|2656.0|-2271.8418861169916|2720.474341649025|96.0|96.0|96.0|IKWALL44|XA04TEX|1.0|1.0|0.0|0.0|8|gravel|-|SG001302|-|394|1|1|108|XA04TEX|-|1.0|1.0|0.0|0.0|0.0|XA01TEX|-|1.0|1.0|346.65010336|-1032.0|-384.0|-384.0|96.0|96.0|648.0|648.0|648.0|648.0
UTNTSkyEdge_tnt03b_80_0_terrain_2_1|80|0|2|1|1|-2464.0|2784.0|-2080.0|2656.0|-2272.1581138830084|2719.525658350975|-384.0|-384.0|-384.0|IKWALL44|XA04TEX|1.0|1.0|0.0|0.0|14|gravel|-|SG001303|-|392|2|1|1|XA04TEX|-|1.0|1.0|0.0|0.0|0.0|XA01TEX|-|1.0|1.0|346.65010336|-1032.0|-384.0|-384.0|96.0|96.0|648.0|648.0|648.0|648.0
UTNTSkyEdge_tnt03b_418_0_terrain_1_0|418|0|2|1|96|2176.0|4672.0|2240.0|4928.0|2208.4850712500725|4799.878732187482|104.0|104.0|104.0|IKWALL44|XA01TEX|1.0|1.0|0.0|-1032.0|8|rock|-|SG001282|-|392|1|0|96|XA04TEX|-|1.0|1.0|0.0|0.0|0.0|XA01TEX|-|1.0|1.0|0.0|-1032.0|-384.0|-384.0|104.0|104.0|648.0|648.0|648.0|648.0
UTNTSkyEdge_tnt03b_418_0_terrain_1_1|418|0|2|1|96|2176.0|4672.0|2240.0|4928.0|2207.5149287499275|4800.121267812518|104.0|104.0|104.0|IKWALL44|XA04TEX|1.0|1.0|0.0|0.0|8|gravel|-|SG001304|-|395|1|1|96|XA04TEX|-|1.0|1.0|0.0|0.0|0.0|XA01TEX|-|1.0|1.0|0.0|-1032.0|-384.0|-384.0|104.0|104.0|648.0|648.0|648.0|648.0
UTNTSkyEdge_tnt03b_418_0_terrain_2_1|418|0|2|1|1|2176.0|4672.0|2240.0|4928.0|2208.4850712500725|4799.878732187482|-384.0|-384.0|-384.0|IKWALL44|XA04TEX|1.0|1.0|0.0|0.0|14|gravel|-|SG001305|-|392|2|1|1|XA04TEX|-|1.0|1.0|0.0|0.0|0.0|XA01TEX|-|1.0|1.0|0.0|-1032.0|-384.0|-384.0|104.0|104.0|648.0|648.0|648.0|648.0
UTNTSkyEdge_tnt03b_419_0_terrain_1_0|419|0|2|1|96|2240.0|4928.0|2048.0|5120.0|2144.3535533905933|5024.353553390593|104.0|104.0|104.0|IKWALL44|XA01TEX|1.0|1.0|263.87876004|-1032.0|8|rock|-|SG001282|-|392|1|0|96|XA04TEX|-|1.0|1.0|0.0|0.0|0.0|XA01TEX|-|1.0|1.0|263.87876004|-1032.0|-384.0|-384.0|104.0|104.0|648.0|648.0|648.0|648.0
UTNTSkyEdge_tnt03b_419_0_terrain_1_1|419|0|2|1|96|2240.0|4928.0|2048.0|5120.0|2143.6464466094067|5023.646446609407|104.0|104.0|104.0|IKWALL44|XA04TEX|1.0|1.0|0.0|0.0|8|gravel|-|SG001304|-|395|1|1|96|XA04TEX|-|1.0|1.0|0.0|0.0|0.0|XA01TEX|-|1.0|1.0|263.87876004|-1032.0|-384.0|-384.0|104.0|104.0|648.0|648.0|648.0|648.0
UTNTSkyEdge_tnt03b_419_0_terrain_2_1|419|0|2|1|1|2240.0|4928.0|2048.0|5120.0|2144.3535533905933|5024.353553390593|-384.0|-384.0|-384.0|IKWALL44|XA04TEX|1.0|1.0|0.0|0.0|14|gravel|-|SG001306|-|392|2|1|1|XA04TEX|-|1.0|1.0|0.0|0.0|0.0|XA01TEX|-|1.0|1.0|263.87876004|-1032.0|-384.0|-384.0|104.0|104.0|648.0|648.0|648.0|648.0
UTNTSkyEdge_tnt03b_420_0_terrain_1_0|420|0|2|1|96|2048.0|5120.0|1824.0|5248.0|1936.2480694691785|5184.434121571062|104.0|104.0|104.0|IKWALL44|XA01TEX|1.0|1.0|23.407764015|-1032.0|8|rock|-|SG001282|-|392|1|0|96|XA04TEX|-|1.0|1.0|0.0|0.0|0.0|XA01TEX|-|1.0|1.0|23.407764015|-1032.0|-384.0|-384.0|104.0|104.0|648.0|648.0|648.0|648.0
UTNTSkyEdge_tnt03b_420_0_terrain_1_1|420|0|2|1|96|2048.0|5120.0|1824.0|5248.0|1935.7519305308215|5183.565878428938|104.0|104.0|104.0|IKWALL44|XA04TEX|1.0|1.0|0.0|0.0|8|gravel|-|SG001304|-|395|1|1|96|XA04TEX|-|1.0|1.0|0.0|0.0|0.0|XA01TEX|-|1.0|1.0|23.407764015|-1032.0|-384.0|-384.0|104.0|104.0|648.0|648.0|648.0|648.0
UTNTSkyEdge_tnt03b_421_0_terrain_1_0|421|0|2|1|1417|1568.0|5248.0|1280.0|5184.0|1423.8915347710906|5216.488093530092|96.0|96.0|96.0|IKWALL44|XA01TEX|1.0|1.0|0.0|-1032.0|8|rock|-|SG001282|-|392|1|0|1417|XA04TEX|-|1.0|1.0|0.0|0.0|0.0|XA01TEX|-|1.0|1.0|0.0|-1032.0|-384.0|-384.0|96.0|96.0|648.0|648.0|648.0|648.0
UTNTSkyEdge_tnt03b_421_0_terrain_1_1|421|0|2|1|1417|1568.0|5248.0|1280.0|5184.0|1424.1084652289094|5215.511906469908|96.0|96.0|96.0|IKWALL44|XA04TEX|1.0|1.0|0.0|0.0|8|gravel|-|SG001307|-|396|1|1|1417|XA04TEX|-|1.0|1.0|0.0|0.0|0.0|XA01TEX|-|1.0|1.0|0.0|-1032.0|-384.0|-384.0|96.0|96.0|648.0|648.0|648.0|648.0
UTNTSkyEdge_tnt03b_422_0_terrain_1_0|422|0|2|1|1417|1280.0|5184.0|1152.0|4864.0|1215.5357616545573|5024.185695338177|96.0|96.0|96.0|IKWALL44|XA01TEX|1.0|1.0|295.025422633|-1032.0|8|rock|-|SG001282|-|392|1|0|1417|XA04TEX|-|1.0|1.0|0.0|0.0|0.0|XA01TEX|-|1.0|1.0|295.025422633|-1032.0|-384.0|-384.0|96.0|96.0|648.0|648.0|648.0|648.0
UTNTSkyEdge_tnt03b_422_0_terrain_1_1|422|0|2|1|1417|1280.0|5184.0|1152.0|4864.0|1216.4642383454427|5023.814304661823|96.0|96.0|96.0|IKWALL44|XA04TEX|1.0|1.0|0.0|0.0|8|gravel|-|SG001307|-|396|1|1|1417|XA04TEX|-|1.0|1.0|0.0|0.0|0.0|XA01TEX|-|1.0|1.0|295.025422633|-1032.0|-384.0|-384.0|96.0|96.0|648.0|648.0|648.0|648.0
UTNTSkyEdge_tnt03b_422_0_terrain_2_1|422|0|2|1|1|1280.0|5184.0|1152.0|4864.0|1215.5357616545573|5024.185695338177|-384.0|-384.0|-384.0|IKWALL44|XA04TEX|1.0|1.0|0.0|0.0|14|gravel|-|SG001308|-|392|2|1|1|XA04TEX|-|1.0|1.0|0.0|0.0|0.0|XA01TEX|-|1.0|1.0|295.025422633|-1032.0|-384.0|-384.0|96.0|96.0|648.0|648.0|648.0|648.0
UTNTSkyEdge_tnt03b_423_0_terrain_1_0|423|0|2|1|1417|1152.0|4864.0|1152.0|4544.0|1151.5|4704.0|96.0|96.0|96.0|IKWALL44|XA01TEX|1.0|1.0|127.67597029|-1032.0|8|rock|-|SG001282|-|392|1|0|1417|XA04TEX|-|1.0|1.0|0.0|0.0|0.0|XA01TEX|-|1.0|1.0|127.67597029|-1032.0|-384.0|-384.0|96.0|96.0|648.0|648.0|648.0|648.0
UTNTSkyEdge_tnt03b_423_0_terrain_1_1|423|0|2|1|1417|1152.0|4864.0|1152.0|4544.0|1152.5|4704.0|96.0|96.0|96.0|IKWALL44|XA04TEX|1.0|1.0|0.0|0.0|8|gravel|-|SG001307|-|396|1|1|1417|XA04TEX|-|1.0|1.0|0.0|0.0|0.0|XA01TEX|-|1.0|1.0|127.67597029|-1032.0|-384.0|-384.0|96.0|96.0|648.0|648.0|648.0|648.0
UTNTSkyEdge_tnt03b_424_0_terrain_1_0|424|0|2|1|1417|1152.0|4544.0|1280.0|4288.0|1215.5527864045|4415.77639320225|96.0|96.0|96.0|IKWALL44|XA01TEX|1.0|1.0|447.67597029|-1032.0|8|rock|-|SG001282|-|392|1|0|1417|XA04TEX|-|1.0|1.0|0.0|0.0|0.0|XA01TEX|-|1.0|1.0|447.67597029|-1032.0|-384.0|-384.0|96.0|96.0|648.0|648.0|648.0|648.0
UTNTSkyEdge_tnt03b_424_0_terrain_1_1|424|0|2|1|1417|1152.0|4544.0|1280.0|4288.0|1216.4472135955|4416.22360679775|96.0|96.0|96.0|IKWALL44|XA04TEX|1.0|1.0|0.0|0.0|8|gravel|-|SG001307|-|396|1|1|1417|XA04TEX|-|1.0|1.0|0.0|0.0|0.0|XA01TEX|-|1.0|1.0|447.67597029|-1032.0|-384.0|-384.0|96.0|96.0|648.0|648.0|648.0|648.0
UTNTSkyEdge_tnt03b_424_0_terrain_2_1|424|0|2|1|1|1152.0|4544.0|1280.0|4288.0|1215.5527864045|4415.77639320225|-384.0|-384.0|-384.0|IKWALL44|XA04TEX|1.0|1.0|0.0|0.0|14|gravel|-|SG001309|-|392|2|1|1|XA04TEX|-|1.0|1.0|0.0|0.0|0.0|XA01TEX|-|1.0|1.0|447.67597029|-1032.0|-384.0|-384.0|96.0|96.0|648.0|648.0|648.0|648.0
UTNTSkyEdge_tnt03b_425_0_terrain_1_0|425|0|2|1|1417|1280.0|4288.0|1472.0|4224.0|1375.8418861169916|4255.5256583509745|96.0|96.0|96.0|IKWALL44|XA01TEX|1.0|1.0|221.89267141|-1032.0|8|rock|-|SG001282|-|392|1|0|1417|XA04TEX|-|1.0|1.0|0.0|0.0|0.0|XA01TEX|-|1.0|1.0|221.89267141|-1032.0|-384.0|-384.0|96.0|96.0|648.0|648.0|648.0|648.0
UTNTSkyEdge_tnt03b_425_0_terrain_1_1|425|0|2|1|1417|1280.0|4288.0|1472.0|4224.0|1376.1581138830084|4256.4743416490255|96.0|96.0|96.0|IKWALL44|XA04TEX|1.0|1.0|0.0|0.0|8|gravel|-|SG001307|-|396|1|1|1417|XA04TEX|-|1.0|1.0|0.0|0.0|0.0|XA01TEX|-|1.0|1.0|221.89267141|-1032.0|-384.0|-384.0|96.0|96.0|648.0|648.0|648.0|648.0
UTNTSkyEdge_tnt03b_425_0_terrain_2_1|425|0|2|1|1|1280.0|4288.0|1472.0|4224.0|1375.8418861169916|4255.5256583509745|-384.0|-384.0|-384.0|IKWALL44|XA04TEX|1.0|1.0|0.0|0.0|14|gravel|-|SG001310|-|392|2|1|1|XA04TEX|-|1.0|1.0|0.0|0.0|0.0|XA01TEX|-|1.0|1.0|221.89267141|-1032.0|-384.0|-384.0|96.0|96.0|648.0|648.0|648.0|648.0
UTNTSkyEdge_tnt03b_426_0_terrain_1_0|426|0|2|1|1419|1472.0|4224.0|1560.0|4200.0|1515.868441297104|4211.517618089381|-40.0|-40.0|-40.0|IKWALL44|XA01TEX|1.0|1.0|424.278441661|-1032.0|14|rock|-|SG001282|-|392|1|0|1419|XA01TEX|-|1.0|1.0|0.0|0.0|0.0|XA01TEX|-|1.0|1.0|424.278441661|-1032.0|-384.0|-384.0|-40.0|-40.0|648.0|648.0|648.0|648.0
UTNTSkyEdge_tnt03b_426_0_terrain_1_1|426|0|2|1|1419|1472.0|4224.0|1560.0|4200.0|1516.131558702896|4212.482381910619|-40.0|-40.0|-40.0|IKWALL44|XA01TEX|1.0|1.0|0.0|0.0|14|rock|-|SG001311|-|397|1|1|1419|XA01TEX|-|1.0|1.0|0.0|0.0|0.0|XA01TEX|-|1.0|1.0|424.278441661|-1032.0|-384.0|-384.0|-40.0|-40.0|648.0|648.0|648.0|648.0
UTNTSkyEdge_tnt03b_427_0_terrain_1_0|427|0|2|1|1417|1856.0|4288.0|2048.0|4480.0|1952.3535533905933|4383.646446609407|96.0|96.0|96.0|IKWALL44|XA01TEX|1.0|1.0|16.718893356|-1032.0|8|rock|-|SG001282|-|392|1|0|1417|XA04TEX|-|1.0|1.0|0.0|0.0|0.0|XA01TEX|-|1.0|1.0|16.718893356|-1032.0|-384.0|-384.0|96.0|96.0|648.0|648.0|648.0|648.0
UTNTSkyEdge_tnt03b_427_0_terrain_1_1|427|0|2|1|1417|1856.0|4288.0|2048.0|4480.0|1951.6464466094067|4384.353553390593|96.0|96.0|96.0|IKWALL44|XA04TEX|1.0|1.0|0.0|0.0|8|gravel|-|SG001307|-|396|1|1|1417|XA04TEX|-|1.0|1.0|0.0|0.0|0.0|XA01TEX|-|1.0|1.0|16.718893356|-1032.0|-384.0|-384.0|96.0|96.0|648.0|648.0|648.0|648.0
UTNTSkyEdge_tnt03b_427_0_terrain_2_1|427|0|2|1|1|1856.0|4288.0|2048.0|4480.0|1952.3535533905933|4383.646446609407|-384.0|-384.0|-384.0|IKWALL44|XA04TEX|1.0|1.0|0.0|0.0|14|gravel|-|SG001312|-|392|2|1|1|XA04TEX|-|1.0|1.0|0.0|0.0|0.0|XA01TEX|-|1.0|1.0|16.718893356|-1032.0|-384.0|-384.0|96.0|96.0|648.0|648.0|648.0|648.0
UTNTSkyEdge_tnt03b_428_0_terrain_2_1|428|0|2|1|1|2048.0|4480.0|2176.0|4672.0|2112.416025147169|4575.722649901887|-384.0|-384.0|-384.0|IKWALL44|XA04TEX|1.0|1.0|0.0|0.0|14|gravel|-|SG001313|-|392|2|1|1|XA04TEX|-|1.0|1.0|0.0|0.0|0.0|XA01TEX|-|1.0|1.0|0.0|-1032.0|-384.0|-384.0|92.0|92.0|648.0|648.0|648.0|648.0
UTNTSkyEdge_tnt03b_445_0_terrain_1_0|445|0|2|1|108|-2464.0|3552.0|-2592.0|3296.0|-2528.4472135954998|3424.22360679775|96.0|96.0|96.0|IKWALL44|XA01TEX|1.0|1.0|0.0|-1032.0|8|rock|-|SG001282|-|392|1|0|108|XA04TEX|-|1.0|1.0|0.0|0.0|0.0|XA01TEX|-|1.0|1.0|0.0|-1032.0|-384.0|-384.0|96.0|96.0|648.0|648.0|648.0|648.0
UTNTSkyEdge_tnt03b_445_0_terrain_1_1|445|0|2|1|108|-2464.0|3552.0|-2592.0|3296.0|-2527.5527864045002|3423.77639320225|96.0|96.0|96.0|IKWALL44|XA04TEX|1.0|1.0|0.0|0.0|8|gravel|-|SG001302|-|394|1|1|108|XA04TEX|-|1.0|1.0|0.0|0.0|0.0|XA01TEX|-|1.0|1.0|0.0|-1032.0|-384.0|-384.0|96.0|96.0|648.0|648.0|648.0|648.0
UTNTSkyEdge_tnt03b_445_0_terrain_2_1|445|0|2|1|1|-2464.0|3552.0|-2592.0|3296.0|-2528.4472135954998|3424.22360679775|-384.0|-384.0|-384.0|IKWALL44|XA04TEX|1.0|1.0|0.0|0.0|14|gravel|-|SG001314|-|392|2|1|1|XA04TEX|-|1.0|1.0|0.0|0.0|0.0|XA01TEX|-|1.0|1.0|0.0|-1032.0|-384.0|-384.0|96.0|96.0|648.0|648.0|648.0|648.0
UTNTSkyEdge_tnt03b_446_0_terrain_1_0|446|0|2|1|108|-2656.0|3168.0|-2464.0|2784.0|-2560.4472135954998|2975.77639320225|96.0|96.0|96.0|IKWALL44|XA01TEX|1.0|1.0|429.32505168|-1032.0|8|rock|-|SG001282|-|392|1|0|108|XA04TEX|-|1.0|1.0|0.0|0.0|0.0|XA01TEX|-|1.0|1.0|429.32505168|-1032.0|-384.0|-384.0|96.0|96.0|648.0|648.0|648.0|648.0
UTNTSkyEdge_tnt03b_446_0_terrain_1_1|446|0|2|1|108|-2656.0|3168.0|-2464.0|2784.0|-2559.5527864045002|2976.22360679775|96.0|96.0|96.0|IKWALL44|XA04TEX|1.0|1.0|0.0|0.0|8|gravel|-|SG001302|-|394|1|1|108|XA04TEX|-|1.0|1.0|0.0|0.0|0.0|XA01TEX|-|1.0|1.0|429.32505168|-1032.0|-384.0|-384.0|96.0|96.0|648.0|648.0|648.0|648.0
UTNTSkyEdge_tnt03b_446_0_terrain_2_1|446|0|2|1|1|-2656.0|3168.0|-2464.0|2784.0|-2560.4472135954998|2975.77639320225|-384.0|-384.0|-384.0|IKWALL44|XA04TEX|1.0|1.0|0.0|0.0|14|gravel|-|SG001315|-|392|2|1|1|XA04TEX|-|1.0|1.0|0.0|0.0|0.0|XA01TEX|-|1.0|1.0|429.32505168|-1032.0|-384.0|-384.0|96.0|96.0|648.0|648.0|648.0|648.0
UTNTSkyEdge_tnt03b_447_0_terrain_1_0|447|0|2|1|470|512.0|6656.0|1024.0|6592.0|767.9379826327054|6623.503861061643|96.0|96.0|96.0|IKWALL44|XA01TEX|1.0|1.0|284.997451746|32.0|8|rock|-|SG001282|-|392|1|0|470|XA04TEX|-|1.0|1.0|0.0|0.0|0.0|XA01TEX|-|1.0|1.0|284.997451746|32.0|-384.0|-384.0|96.0|96.0|648.0|648.0|448.0|448.0
UTNTSkyEdge_tnt03b_447_0_terrain_1_1|447|0|2|1|470|512.0|6656.0|1024.0|6592.0|768.0620173672946|6624.496138938357|96.0|96.0|96.0|IKWALL44|XA04TEX|1.0|1.0|0.0|0.0|8|gravel|-|SG001283|-|383|1|1|470|XA04TEX|-|1.0|1.0|0.0|0.0|0.0|XA01TEX|-|1.0|1.0|284.997451746|32.0|-384.0|-384.0|96.0|96.0|648.0|648.0|448.0|448.0
UTNTSkyEdge_tnt03b_447_0_terrain_2_1|447|0|2|1|1|512.0|6656.0|1024.0|6592.0|767.9379826327054|6623.503861061643|-384.0|-384.0|-384.0|IKWALL44|XA04TEX|1.0|1.0|0.0|0.0|14|gravel|-|SG001316|-|392|2|1|1|XA04TEX|-|1.0|1.0|0.0|0.0|0.0|XA01TEX|-|1.0|1.0|284.997451746|32.0|-384.0|-384.0|96.0|96.0|648.0|648.0|448.0|448.0
UTNTSkyEdge_tnt03b_534_0_terrain_2_1|534|0|1|3|3|-824.0|8016.0|-768.0|7680.0|-796.493196961916|7847.917800506348|184.0|240.0|128.0|IKWALL44|XA04TEX|1.0|1.0|0.0|0.0|14|gravel|-|SG001317|-|386|2|1|3|XA04TEX|-|1.0|1.0|0.0|0.0|0.0|XA01TEX|-|1.0|1.0|66.662100242|64.0|240.0|128.0|0|0|448.0|448.0|0|0
UTNTSkyEdge_tnt03b_536_0_terrain_1_0|536|0|2|1|9|96.0|4576.0|-32.0|5216.0|32.49029033784546|4896.098058067569|96.0|96.0|96.0|IKWALL44|XA01TEX|1.0|1.0|73.790876485|-1032.0|8|rock|-|SG001282|-|392|1|0|9|XA04TEX|-|1.0|1.0|0.0|0.0|0.0|XA01TEX|-|1.0|1.0|73.790876485|-1032.0|-384.0|-384.0|96.0|96.0|648.0|648.0|648.0|648.0
UTNTSkyEdge_tnt03b_536_0_terrain_1_1|536|0|2|1|9|96.0|4576.0|-32.0|5216.0|31.50970966215454|4895.901941932431|96.0|96.0|96.0|IKWALL44|XA04TEX|1.0|1.0|0.0|0.0|8|gravel|-|SG001295|-|393|1|1|9|XA04TEX|-|1.0|1.0|0.0|0.0|0.0|XA01TEX|-|1.0|1.0|73.790876485|-1032.0|-384.0|-384.0|96.0|96.0|648.0|648.0|648.0|648.0
UTNTSkyEdge_tnt03b_536_0_terrain_2_1|536|0|2|1|1|96.0|4576.0|-32.0|5216.0|32.49029033784546|4896.098058067569|-384.0|-384.0|-384.0|IKWALL44|XA04TEX|1.0|1.0|0.0|0.0|14|gravel|-|SG001318|-|392|2|1|1|XA04TEX|-|1.0|1.0|0.0|0.0|0.0|XA01TEX|-|1.0|1.0|73.790876485|-1032.0|-384.0|-384.0|96.0|96.0|648.0|648.0|648.0|648.0
UTNTSkyEdge_tnt03b_537_0_terrain_1_0|537|0|2|1|9|-32.0|4192.0|96.0|4576.0|32.474341649025256|4383.841886116991|96.0|96.0|96.0|IKWALL44|XA01TEX|1.0|1.0|181.019335984|-1032.0|8|rock|-|SG001282|-|392|1|0|9|XA04TEX|-|1.0|1.0|0.0|0.0|0.0|XA01TEX|-|1.0|1.0|181.019335984|-1032.0|-384.0|-384.0|96.0|96.0|648.0|648.0|648.0|648.0
UTNTSkyEdge_tnt03b_537_0_terrain_1_1|537|0|2|1|9|-32.0|4192.0|96.0|4576.0|31.525658350974744|4384.158113883009|96.0|96.0|96.0|IKWALL44|XA04TEX|1.0|1.0|0.0|0.0|8|gravel|-|SG001295|-|393|1|1|9|XA04TEX|-|1.0|1.0|0.0|0.0|0.0|XA01TEX|-|1.0|1.0|181.019335984|-1032.0|-384.0|-384.0|96.0|96.0|648.0|648.0|648.0|648.0
UTNTSkyEdge_tnt03b_537_0_terrain_2_1|537|0|2|1|1|-32.0|4192.0|96.0|4576.0|32.474341649025256|4383.841886116991|-384.0|-384.0|-384.0|IKWALL44|XA04TEX|1.0|1.0|0.0|0.0|14|gravel|-|SG001319|-|392|2|1|1|XA04TEX|-|1.0|1.0|0.0|0.0|0.0|XA01TEX|-|1.0|1.0|181.019335984|-1032.0|-384.0|-384.0|96.0|96.0|648.0|648.0|648.0|648.0
UTNTSkyEdge_tnt03b_540_0_terrain_1_0|540|0|2|1|108|-1568.0|2912.0|-1312.0|3168.0|-1439.6464466094067|3039.6464466094067|96.0|96.0|96.0|IKWALL44|XA01TEX|1.0|1.0|299.855046101|-1032.0|8|rock|-|SG001282|-|392|1|0|108|XA04TEX|-|1.0|1.0|0.0|0.0|0.0|XA01TEX|-|1.0|1.0|299.855046101|-1032.0|-384.0|-384.0|96.0|96.0|648.0|648.0|648.0|648.0
UTNTSkyEdge_tnt03b_540_0_terrain_1_1|540|0|2|1|108|-1568.0|2912.0|-1312.0|3168.0|-1440.3535533905933|3040.3535533905933|96.0|96.0|96.0|IKWALL44|XA04TEX|1.0|1.0|0.0|0.0|8|gravel|-|SG001302|-|394|1|1|108|XA04TEX|-|1.0|1.0|0.0|0.0|0.0|XA01TEX|-|1.0|1.0|299.855046101|-1032.0|-384.0|-384.0|96.0|96.0|648.0|648.0|648.0|648.0
UTNTSkyEdge_tnt03b_540_0_terrain_2_1|540|0|2|1|1|-1568.0|2912.0|-1312.0|3168.0|-1439.6464466094067|3039.6464466094067|-384.0|-384.0|-384.0|IKWALL44|XA04TEX|1.0|1.0|0.0|0.0|14|gravel|-|SG001320|-|392|2|1|1|XA04TEX|-|1.0|1.0|0.0|0.0|0.0|XA01TEX|-|1.0|1.0|299.855046101|-1032.0|-384.0|-384.0|96.0|96.0|648.0|648.0|648.0|648.0
UTNTSkyEdge_tnt03b_541_0_terrain_1_0|541|0|2|1|108|-2080.0|2656.0|-1568.0|2912.0|-1823.7763932022501|2783.5527864045002|96.0|96.0|96.0|IKWALL44|XA01TEX|1.0|1.0|239.421643861|-1032.0|8|rock|-|SG001282|-|392|1|0|108|XA04TEX|-|1.0|1.0|0.0|0.0|0.0|XA01TEX|-|1.0|1.0|239.421643861|-1032.0|-384.0|-384.0|96.0|96.0|648.0|648.0|648.0|648.0
UTNTSkyEdge_tnt03b_541_0_terrain_1_1|541|0|2|1|108|-2080.0|2656.0|-1568.0|2912.0|-1824.2236067977499|2784.4472135954998|96.0|96.0|96.0|IKWALL44|XA04TEX|1.0|1.0|0.0|0.0|8|gravel|-|SG001302|-|394|1|1|108|XA04TEX|-|1.0|1.0|0.0|0.0|0.0|XA01TEX|-|1.0|1.0|239.421643861|-1032.0|-384.0|-384.0|96.0|96.0|648.0|648.0|648.0|648.0
UTNTSkyEdge_tnt03b_541_0_terrain_2_1|541|0|2|1|1|-2080.0|2656.0|-1568.0|2912.0|-1823.7763932022501|2783.5527864045002|-384.0|-384.0|-384.0|IKWALL44|XA04TEX|1.0|1.0|0.0|0.0|14|gravel|-|SG001321|-|392|2|1|1|XA04TEX|-|1.0|1.0|0.0|0.0|0.0|XA01TEX|-|1.0|1.0|239.421643861|-1032.0|-384.0|-384.0|96.0|96.0|648.0|648.0|648.0|648.0
UTNTSkyEdge_tnt03b_542_0_terrain_1_0|542|0|2|1|9|-160.0|4064.0|-32.0|4192.0|-95.64644660940672|4127.646446609407|96.0|96.0|96.0|IKWALL44|XA01TEX|1.0|1.0|0.0|-1032.0|8|rock|-|SG001282|-|392|1|0|9|XA04TEX|-|1.0|1.0|0.0|0.0|0.0|XA01TEX|-|1.0|1.0|0.0|-1032.0|-384.0|-384.0|96.0|96.0|648.0|648.0|648.0|648.0
UTNTSkyEdge_tnt03b_542_0_terrain_1_1|542|0|2|1|9|-160.0|4064.0|-32.0|4192.0|-96.35355339059328|4128.353553390593|96.0|96.0|96.0|IKWALL44|XA04TEX|1.0|1.0|0.0|0.0|8|gravel|-|SG001295|-|393|1|1|9|XA04TEX|-|1.0|1.0|0.0|0.0|0.0|XA01TEX|-|1.0|1.0|0.0|-1032.0|-384.0|-384.0|96.0|96.0|648.0|648.0|648.0|648.0
UTNTSkyEdge_tnt03b_542_0_terrain_2_1|542|0|2|1|1|-160.0|4064.0|-32.0|4192.0|-95.64644660940672|4127.646446609407|-384.0|-384.0|-384.0|IKWALL44|XA04TEX|1.0|1.0|0.0|0.0|14|gravel|-|SG001322|-|392|2|1|1|XA04TEX|-|1.0|1.0|0.0|0.0|0.0|XA01TEX|-|1.0|1.0|0.0|-1032.0|-384.0|-384.0|96.0|96.0|648.0|648.0|648.0|648.0
UTNTSkyEdge_tnt03b_565_0_terrain_1_0|565|0|2|1|108|-2592.0|3296.0|-2656.0|3168.0|-2624.4472135954998|3232.22360679775|96.0|96.0|96.0|IKWALL44|XA01TEX|1.0|1.0|286.21670112|-1032.0|8|rock|-|SG001282|-|392|1|0|108|XA04TEX|-|1.0|1.0|0.0|0.0|0.0|XA01TEX|-|1.0|1.0|286.21670112|-1032.0|-384.0|-384.0|96.0|96.0|648.0|648.0|648.0|648.0
UTNTSkyEdge_tnt03b_565_0_terrain_1_1|565|0|2|1|108|-2592.0|3296.0|-2656.0|3168.0|-2623.5527864045002|3231.77639320225|96.0|96.0|96.0|IKWALL44|XA04TEX|1.0|1.0|0.0|0.0|8|gravel|-|SG001302|-|394|1|1|108|XA04TEX|-|1.0|1.0|0.0|0.0|0.0|XA01TEX|-|1.0|1.0|286.21670112|-1032.0|-384.0|-384.0|96.0|96.0|648.0|648.0|648.0|648.0
UTNTSkyEdge_tnt03b_1937_0_terrain_2_1|1937|0|1|470|470|-1280.0|7296.0|-1152.0|7424.0|-1215.6464466094067|7359.646446609407|96.0|96.0|96.0|IKWALL44|XA04TEX|1.0|1.0|0.0|0.0|14|gravel|-|SG001323|-|383|2|1|470|XA04TEX|-|1.0|1.0|0.0|0.0|0.0|XA01TEX|-|1.0|1.0|124.0|64.0|96.0|96.0|0|0|448.0|448.0|0|0
UTNTSkyEdge_tnt03b_1938_0_terrain_2_1|1938|0|1|470|470|-1728.0|7104.0|-1600.0|7296.0|-1663.583974852831|7199.722649901887|96.0|96.0|96.0|IKWALL44|XA04TEX|1.0|1.0|0.0|0.0|14|gravel|-|SG001324|-|383|2|1|470|XA04TEX|-|1.0|1.0|0.0|0.0|0.0|XA01TEX|-|1.0|1.0|105.385770251|64.0|96.0|96.0|0|0|448.0|448.0|0|0
UTNTSkyEdge_tnt03b_1954_0_terrain_2_1|1954|0|1|470|470|560.0|7120.0|832.0|7104.0|695.9706389890242|7111.500862813413|96.0|96.0|96.0|IKWALL44|XA04TEX|1.0|1.0|0.0|0.0|14|gravel|-|SG001325|-|383|2|1|470|XA04TEX|-|1.0|1.0|0.0|0.0|0.0|XA01TEX|-|1.0|1.0|59.0|64.0|96.0|96.0|0|0|448.0|448.0|0|0
UTNTSkyEdge_tnt03b_1989_0_terrain_2_1|1989|0|1|98|98|3360.0|7744.0|3680.0|8032.0|3520.3344823658113|7887.628352926877|-384.0|-384.0|-384.0|IKWALL44|XA04TEX|1.0|1.0|0.0|0.0|14|gravel|-|SG001326|-|388|2|1|98|XA04TEX|-|1.0|1.0|0.0|0.0|0.0|XA01TEX|-|1.0|1.0|455.240979682|64.0|-384.0|-384.0|0|0|448.0|448.0|0|0
UTNTSkyEdge_tnt03b_2020_0_terrain_1_0|2020|0|2|1|1419|1872.0|4128.0|1920.0|4192.0|1896.4|4159.7|-40.0|-40.0|-40.0|IKWALL44|XA01TEX|1.0|1.0|333.341252541|-1032.0|14|rock|-|SG001282|-|392|1|0|1419|XA01TEX|-|1.0|1.0|0.0|0.0|0.0|XA01TEX|-|1.0|1.0|333.341252541|-1032.0|-384.0|-384.0|-40.0|-40.0|648.0|648.0|648.0|648.0
UTNTSkyEdge_tnt03b_2020_0_terrain_1_1|2020|0|2|1|1419|1872.0|4128.0|1920.0|4192.0|1895.6|4160.3|-40.0|-40.0|-40.0|IKWALL44|XA01TEX|1.0|1.0|0.0|0.0|14|rock|-|SG001311|-|397|1|1|1419|XA01TEX|-|1.0|1.0|0.0|0.0|0.0|XA01TEX|-|1.0|1.0|333.341252541|-1032.0|-384.0|-384.0|-40.0|-40.0|648.0|648.0|648.0|648.0
UTNTSkyEdge_tnt03b_2037_0_terrain_2_1|2037|0|1|470|470|1152.0|6976.0|1280.0|6912.0|1215.7763932022501|6943.5527864045|96.0|96.0|96.0|IKWALL44|XA04TEX|1.0|1.0|0.0|0.0|14|gravel|-|SG001327|-|383|2|1|470|XA04TEX|-|1.0|1.0|0.0|0.0|0.0|XA01TEX|-|1.0|1.0|36.0|64.0|96.0|96.0|0|0|448.0|448.0|0|0
UTNTSkyEdge_tnt03b_3572_1_terrain_2_1|3572|1|2|98|98|3680.0|8032.0|3872.0|7808.0|3775.6203716988175|7919.674604313272|-384.0|-384.0|-384.0|IKWALL44|XA04TEX|1.0|1.0|0.0|0.0|14|gravel|-|SG001328|-|388|2|1|98|XA04TEX|-|1.0|1.0|0.0|0.0|0.0|XA01TEX|-|1.0|1.0|22.0|5.0|-384.0|-384.0|-133.0|-133.0|448.0|448.0|448.0|448.0
UTNTSkyEdge_tnt03b_3573_1_terrain_2_1|3573|1|2|98|98|3872.0|7808.0|3872.0|7540.148|3871.5|7674.0740000000005|-384.0|-384.0|-384.0|IKWALL44|XA04TEX|1.0|1.0|0.0|0.0|14|gravel|-|SG001329|-|388|2|1|98|XA04TEX|-|1.0|1.0|0.0|0.0|0.0|XA01TEX|-|1.0|1.0|317.025422633|5.0|-384.0|-384.0|-133.0|-133.0|448.0|448.0|448.0|448.0
UTNTSkyEdge_tnt03b_6340_0_terrain_1_0|6340|0|2|498|1417|1472.0|4224.0|1536.0|4296.0|1504.373704659342|4259.667818080585|96.0|96.0|96.0|QFLAT07|XA04TEX|1.0|1.0|0.0|32.0|5.12|gravel|-|SG001330|-|398|1|0|1417|XA04TEX|-|1.0|1.0|0.0|0.0|0.0|XA04TEX|-|1.0|1.0|0.0|32.0|64.0|64.0|96.0|96.0|648.0|648.0|648.0|648.0
UTNTSkyEdge_tnt03b_6340_0_terrain_1_1|6340|0|2|498|1417|1472.0|4224.0|1536.0|4296.0|1503.626295340658|4260.332181919415|96.0|96.0|96.0|QFLAT07|XA04TEX|1.0|1.0|0.0|0.0|5.12|gravel|-|SG001307|-|396|1|1|1417|XA04TEX|-|1.0|1.0|0.0|0.0|0.0|XA04TEX|-|1.0|1.0|0.0|32.0|64.0|64.0|96.0|96.0|648.0|648.0|648.0|648.0
UTNTSkyEdge_tnt03b_6341_0_terrain_1_0|6341|0|2|498|1417|1536.0|4296.0|1608.0|4336.0|1572.2428214655893|4315.5629213619395|96.0|96.0|96.0|QFLAT07|XA04TEX|1.0|1.0|96.33275663|32.0|5.12|gravel|-|SG001330|-|398|1|0|1417|XA04TEX|-|1.0|1.0|0.0|0.0|0.0|XA04TEX|-|1.0|1.0|96.33275663|32.0|64.0|64.0|96.0|96.0|648.0|648.0|648.0|648.0
UTNTSkyEdge_tnt03b_6341_0_terrain_1_1|6341|0|2|498|1417|1536.0|4296.0|1608.0|4336.0|1571.7571785344107|4316.4370786380605|96.0|96.0|96.0|QFLAT07|XA04TEX|1.0|1.0|0.0|0.0|5.12|gravel|-|SG001307|-|396|1|1|1417|XA04TEX|-|1.0|1.0|0.0|0.0|0.0|XA04TEX|-|1.0|1.0|96.33275663|32.0|64.0|64.0|96.0|96.0|648.0|648.0|648.0|648.0
UTNTSkyEdge_tnt03b_6342_0_terrain_1_0|6342|0|2|498|1417|1608.0|4336.0|1664.0|4336.0|1636.0|4335.5|96.0|96.0|96.0|QFLAT07|XA04TEX|1.0|1.0|178.697797758|32.0|5.12|gravel|-|SG001330|-|398|1|0|1417|XA04TEX|-|1.0|1.0|0.0|0.0|0.0|XA04TEX|-|1.0|1.0|178.697797758|32.0|64.0|64.0|96.0|96.0|648.0|648.0|648.0|648.0
UTNTSkyEdge_tnt03b_6342_0_terrain_1_1|6342|0|2|498|1417|1608.0|4336.0|1664.0|4336.0|1636.0|4336.5|96.0|96.0|96.0|QFLAT07|XA04TEX|1.0|1.0|0.0|0.0|5.12|gravel|-|SG001307|-|396|1|1|1417|XA04TEX|-|1.0|1.0|0.0|0.0|0.0|XA04TEX|-|1.0|1.0|178.697797758|32.0|64.0|64.0|96.0|96.0|648.0|648.0|648.0|648.0
UTNTSkyEdge_tnt03b_6343_0_terrain_1_0|6343|0|2|498|1417|1664.0|4336.0|1776.0|4312.0|1719.8952354556345|4323.511098792961|96.0|96.0|96.0|QFLAT07|XA04TEX|1.0|1.0|234.697797758|32.0|5.12|gravel|-|SG001330|-|398|1|0|1417|XA04TEX|-|1.0|1.0|0.0|0.0|0.0|XA04TEX|-|1.0|1.0|234.697797758|32.0|64.0|64.0|96.0|96.0|648.0|648.0|648.0|648.0
UTNTSkyEdge_tnt03b_6343_0_terrain_1_1|6343|0|2|498|1417|1664.0|4336.0|1776.0|4312.0|1720.1047645443655|4324.488901207039|96.0|96.0|96.0|QFLAT07|XA04TEX|1.0|1.0|0.0|0.0|5.12|gravel|-|SG001307|-|396|1|1|1417|XA04TEX|-|1.0|1.0|0.0|0.0|0.0|XA04TEX|-|1.0|1.0|234.697797758|32.0|64.0|64.0|96.0|96.0|648.0|648.0|648.0|648.0
UTNTSkyEdge_tnt03b_6344_0_terrain_1_0|6344|0|2|498|1417|1776.0|4312.0|1856.0|4288.0|1815.8563260572168|4299.5210868573895|96.0|96.0|96.0|QFLAT07|XA04TEX|1.0|1.0|349.240366264|32.0|5.12|gravel|-|SG001330|-|398|1|0|1417|XA04TEX|-|1.0|1.0|0.0|0.0|0.0|XA04TEX|-|1.0|1.0|349.240366264|32.0|64.0|64.0|96.0|96.0|648.0|648.0|648.0|648.0
UTNTSkyEdge_tnt03b_6344_0_terrain_1_1|6344|0|2|498|1417|1776.0|4312.0|1856.0|4288.0|1816.1436739427832|4300.4789131426105|96.0|96.0|96.0|QFLAT07|XA04TEX|1.0|1.0|0.0|0.0|5.12|gravel|-|SG001307|-|396|1|1|1417|XA04TEX|-|1.0|1.0|0.0|0.0|0.0|XA04TEX|-|1.0|1.0|349.240366264|32.0|64.0|64.0|96.0|96.0|648.0|648.0|648.0|648.0
UTNTSkyEdge_tnt03b_6345_0_terrain_1_0|6345|0|2|1|1419|1920.0|4192.0|1856.0|4288.0|1888.416025147169|4240.277350098113|-40.0|-40.0|-40.0|IKWALL44|XA01TEX|1.0|1.0|413.341252541|-1032.0|14|rock|-|SG001282|-|392|1|0|1419|XA01TEX|-|1.0|1.0|0.0|0.0|0.0|XA01TEX|-|1.0|1.0|413.341252541|-1032.0|-384.0|-384.0|-40.0|-40.0|648.0|648.0|648.0|648.0
UTNTSkyEdge_tnt03b_6345_0_terrain_1_1|6345|0|2|1|1419|1920.0|4192.0|1856.0|4288.0|1887.583974852831|4239.722649901887|-40.0|-40.0|-40.0|IKWALL44|XA01TEX|1.0|1.0|0.0|0.0|14|rock|-|SG001311|-|397|1|1|1419|XA01TEX|-|1.0|1.0|0.0|0.0|0.0|XA01TEX|-|1.0|1.0|413.341252541|-1032.0|-384.0|-384.0|-40.0|-40.0|648.0|648.0|648.0|648.0
UTNTSkyEdge_tnt03b_6345_0_terrain_2_1|6345|0|2|1|1|1920.0|4192.0|1856.0|4288.0|1888.416025147169|4240.277350098113|-384.0|-384.0|-384.0|IKWALL44|XA04TEX|1.0|1.0|0.0|0.0|14|gravel|-|SG001331|-|392|2|1|1|XA04TEX|-|1.0|1.0|0.0|0.0|0.0|XA01TEX|-|1.0|1.0|413.341252541|-1032.0|-384.0|-384.0|-40.0|-40.0|648.0|648.0|648.0|648.0
UTNTSkyEdge_tnt03b_6346_0_terrain_1_0|6346|0|2|1|1419|1776.0|4120.0|1872.0|4128.0|1824.041522739927|4123.501727120877|-40.0|-40.0|-40.0|IKWALL44|XA01TEX|1.0|1.0|237.00849591|-1032.0|14|rock|-|SG001282|-|392|1|0|1419|XA01TEX|-|1.0|1.0|0.0|0.0|0.0|XA01TEX|-|1.0|1.0|237.00849591|-1032.0|-384.0|-384.0|-40.0|-40.0|648.0|648.0|648.0|648.0
UTNTSkyEdge_tnt03b_6346_0_terrain_1_1|6346|0|2|1|1419|1776.0|4120.0|1872.0|4128.0|1823.958477260073|4124.498272879123|-40.0|-40.0|-40.0|IKWALL44|XA01TEX|1.0|1.0|0.0|0.0|14|rock|-|SG001311|-|397|1|1|1419|XA01TEX|-|1.0|1.0|0.0|0.0|0.0|XA01TEX|-|1.0|1.0|237.00849591|-1032.0|-384.0|-384.0|-40.0|-40.0|648.0|648.0|648.0|648.0
UTNTSkyEdge_tnt03b_6347_0_terrain_1_0|6347|0|2|1|1419|1656.0|4144.0|1776.0|4120.0|1715.9019419324309|4131.509709662155|-40.0|-40.0|-40.0|IKWALL44|XA01TEX|1.0|1.0|114.632027584|-1032.0|14|rock|-|SG001282|-|392|1|0|1419|XA01TEX|-|1.0|1.0|0.0|0.0|0.0|XA01TEX|-|1.0|1.0|114.632027584|-1032.0|-384.0|-384.0|-40.0|-40.0|648.0|648.0|648.0|648.0
UTNTSkyEdge_tnt03b_6347_0_terrain_1_1|6347|0|2|1|1419|1656.0|4144.0|1776.0|4120.0|1716.0980580675691|4132.490290337845|-40.0|-40.0|-40.0|IKWALL44|XA01TEX|1.0|1.0|0.0|0.0|14|rock|-|SG001311|-|397|1|1|1419|XA01TEX|-|1.0|1.0|0.0|0.0|0.0|XA01TEX|-|1.0|1.0|114.632027584|-1032.0|-384.0|-384.0|-40.0|-40.0|648.0|648.0|648.0|648.0
UTNTSkyEdge_tnt03b_6347_0_terrain_2_1|6347|0|2|1|1|1656.0|4144.0|1776.0|4120.0|1715.9019419324309|4131.509709662155|-384.0|-384.0|-384.0|IKWALL44|XA04TEX|1.0|1.0|0.0|0.0|14|gravel|-|SG001332|-|392|2|1|1|XA04TEX|-|1.0|1.0|0.0|0.0|0.0|XA01TEX|-|1.0|1.0|114.632027584|-1032.0|-384.0|-384.0|-40.0|-40.0|648.0|648.0|648.0|648.0
UTNTSkyEdge_tnt03b_6348_0_terrain_1_0|6348|0|2|1|1419|1560.0|4200.0|1656.0|4144.0|1607.748064487238|4171.5681105495505|-40.0|-40.0|-40.0|IKWALL44|XA01TEX|1.0|1.0|3.492475669|-1032.0|14|rock|-|SG001282|-|392|1|0|1419|XA01TEX|-|1.0|1.0|0.0|0.0|0.0|XA01TEX|-|1.0|1.0|3.492475669|-1032.0|-384.0|-384.0|-40.0|-40.0|648.0|648.0|648.0|648.0
UTNTSkyEdge_tnt03b_6348_0_terrain_1_1|6348|0|2|1|1419|1560.0|4200.0|1656.0|4144.0|1608.251935512762|4172.4318894504495|-40.0|-40.0|-40.0|IKWALL44|XA01TEX|1.0|1.0|0.0|0.0|14|rock|-|SG001311|-|397|1|1|1419|XA01TEX|-|1.0|1.0|0.0|0.0|0.0|XA01TEX|-|1.0|1.0|3.492475669|-1032.0|-384.0|-384.0|-40.0|-40.0|648.0|648.0|648.0|648.0
UTNTSkyEdge_tnt03b_6348_0_terrain_2_1|6348|0|2|1|1|1560.0|4200.0|1656.0|4144.0|1607.748064487238|4171.5681105495505|-384.0|-384.0|-384.0|IKWALL44|XA04TEX|1.0|1.0|0.0|0.0|14|gravel|-|SG001333|-|392|2|1|1|XA04TEX|-|1.0|1.0|0.0|0.0|0.0|XA01TEX|-|1.0|1.0|3.492475669|-1032.0|-384.0|-384.0|-40.0|-40.0|648.0|648.0|648.0|648.0
UTNTSkyEdge_tnt03b_6350_0_terrain_1_0|6350|0|2|1420|498|1520.0|4248.0|1600.0|4304.0|1560.2867311721816|4275.5903840397405|64.0|64.0|64.0|QFLAT07|XA04TEX|1.0|1.0|0.0|64.0|5.12|gravel|-|SG001334|-|399|1|0|498|XA04TEX|-|1.0|1.0|0.0|0.0|0.0|XA04TEX|-|1.0|1.0|0.0|64.0|32.0|32.0|64.0|64.0|648.0|648.0|648.0|648.0
UTNTSkyEdge_tnt03b_6350_0_terrain_1_1|6350|0|2|1420|498|1520.0|4248.0|1600.0|4304.0|1559.7132688278184|4276.4096159602595|64.0|64.0|64.0|QFLAT07|XA04TEX|1.0|1.0|0.0|0.0|5.12|gravel|-|SG001335|-|398|1|1|498|XA04TEX|-|1.0|1.0|0.0|0.0|0.0|XA04TEX|-|1.0|1.0|0.0|64.0|32.0|32.0|64.0|64.0|648.0|648.0|648.0|648.0
UTNTSkyEdge_tnt03b_6351_0_terrain_1_0|6351|0|2|1420|498|1600.0|4304.0|1688.0|4312.0|1644.0452678730212|4307.502053396766|64.0|64.0|64.0|QFLAT07|XA04TEX|1.0|1.0|97.652444926|64.0|5.12|gravel|-|SG001334|-|399|1|0|498|XA04TEX|-|1.0|1.0|0.0|0.0|0.0|XA04TEX|-|1.0|1.0|97.652444926|64.0|32.0|32.0|64.0|64.0|648.0|648.0|648.0|648.0
UTNTSkyEdge_tnt03b_6351_0_terrain_1_1|6351|0|2|1420|498|1600.0|4304.0|1688.0|4312.0|1643.9547321269788|4308.497946603234|64.0|64.0|64.0|QFLAT07|XA04TEX|1.0|1.0|0.0|0.0|5.12|gravel|-|SG001335|-|398|1|1|498|XA04TEX|-|1.0|1.0|0.0|0.0|0.0|XA04TEX|-|1.0|1.0|97.652444926|64.0|32.0|32.0|64.0|64.0|648.0|648.0|648.0|648.0
UTNTSkyEdge_tnt03b_6352_0_terrain_1_0|6352|0|2|1420|498|1688.0|4312.0|1768.0|4288.0|1727.8563260572168|4299.5210868573895|64.0|64.0|64.0|QFLAT07|XA04TEX|1.0|1.0|186.015333063|64.0|5.12|gravel|-|SG001334|-|399|1|0|498|XA04TEX|-|1.0|1.0|0.0|0.0|0.0|XA04TEX|-|1.0|1.0|186.015333063|64.0|32.0|32.0|64.0|64.0|648.0|648.0|648.0|648.0
UTNTSkyEdge_tnt03b_6352_0_terrain_1_1|6352|0|2|1420|498|1688.0|4312.0|1768.0|4288.0|1728.1436739427832|4300.4789131426105|64.0|64.0|64.0|QFLAT07|XA04TEX|1.0|1.0|0.0|0.0|5.12|gravel|-|SG001335|-|398|1|1|498|XA04TEX|-|1.0|1.0|0.0|0.0|0.0|XA04TEX|-|1.0|1.0|186.015333063|64.0|32.0|32.0|64.0|64.0|648.0|648.0|648.0|648.0
UTNTSkyEdge_tnt03b_6353_0_terrain_1_0|6353|0|2|1419|498|1792.0|4256.0|1856.0|4288.0|1824.2236067977499|4271.5527864045|64.0|64.0|64.0|QFLAT07|XA04TEX|1.0|1.0|0.0|64.0|8|gravel|-|SG001336|-|397|1|0|498|XA04TEX|-|1.0|1.0|0.0|0.0|0.0|XA04TEX|-|1.0|1.0|0.0|64.0|-40.0|-40.0|64.0|64.0|648.0|648.0|648.0|648.0
UTNTSkyEdge_tnt03b_6353_0_terrain_1_1|6353|0|2|1419|498|1792.0|4256.0|1856.0|4288.0|1823.7763932022501|4272.4472135955|64.0|64.0|64.0|QFLAT07|XA04TEX|1.0|1.0|0.0|0.0|8|gravel|-|SG001335|-|398|1|1|498|XA04TEX|-|1.0|1.0|0.0|0.0|0.0|XA04TEX|-|1.0|1.0|0.0|64.0|-40.0|-40.0|64.0|64.0|648.0|648.0|648.0|648.0
UTNTSkyEdge_tnt03b_6354_0_terrain_1_0|6354|0|2|1419|1418|1520.0|4248.0|1600.0|4240.0|1559.9502481404895|4243.502481404895|-8.0|-8.0|-8.0|QFLAT07|XA04TEX|1.0|1.0|0.0|8.0|5.12|gravel|-|SG001336|-|397|1|0|1418|XA04TEX|-|1.0|1.0|0.0|0.0|0.0|XA04TEX|-|1.0|1.0|0.0|8.0|-40.0|-40.0|-8.0|-8.0|648.0|648.0|648.0|648.0
UTNTSkyEdge_tnt03b_6354_0_terrain_1_1|6354|0|2|1419|1418|1520.0|4248.0|1600.0|4240.0|1560.0497518595105|4244.497518595105|-8.0|-8.0|-8.0|QFLAT07|XA04TEX|1.0|1.0|0.0|0.0|5.12|gravel|-|SG001337|-|400|1|1|1418|XA04TEX|-|1.0|1.0|0.0|0.0|0.0|XA04TEX|-|1.0|1.0|0.0|8.0|-40.0|-40.0|-8.0|-8.0|648.0|648.0|648.0|648.0
UTNTSkyEdge_tnt03b_6355_0_terrain_1_0|6355|0|2|1419|1418|1600.0|4240.0|1688.0|4256.0|1644.0894427191|4247.50806504495|-8.0|-8.0|-8.0|QFLAT07|XA04TEX|1.0|1.0|80.399004969|8.0|5.12|gravel|-|SG001336|-|397|1|0|1418|XA04TEX|-|1.0|1.0|0.0|0.0|0.0|XA04TEX|-|1.0|1.0|80.399004969|8.0|-40.0|-40.0|-8.0|-8.0|648.0|648.0|648.0|648.0
UTNTSkyEdge_tnt03b_6355_0_terrain_1_1|6355|0|2|1419|1418|1600.0|4240.0|1688.0|4256.0|1643.9105572809|4248.49193495505|-8.0|-8.0|-8.0|QFLAT07|XA04TEX|1.0|1.0|0.0|0.0|5.12|gravel|-|SG001337|-|400|1|1|1418|XA04TEX|-|1.0|1.0|0.0|0.0|0.0|XA04TEX|-|1.0|1.0|80.399004969|8.0|-40.0|-40.0|-8.0|-8.0|648.0|648.0|648.0|648.0
UTNTSkyEdge_tnt03b_6356_0_terrain_1_0|6356|0|2|1419|1418|1688.0|4256.0|1792.0|4256.0|1740.0|4255.5|-8.0|-8.0|-8.0|QFLAT07|XA04TEX|1.0|1.0|169.841724069|8.0|5.12|gravel|-|SG001336|-|397|1|0|1418|XA04TEX|-|1.0|1.0|0.0|0.0|0.0|XA04TEX|-|1.0|1.0|169.841724069|8.0|-40.0|-40.0|-8.0|-8.0|648.0|648.0|648.0|648.0
UTNTSkyEdge_tnt03b_6356_0_terrain_1_1|6356|0|2|1419|1418|1688.0|4256.0|1792.0|4256.0|1740.0|4256.5|-8.0|-8.0|-8.0|QFLAT07|XA04TEX|1.0|1.0|0.0|0.0|5.12|gravel|-|SG001337|-|400|1|1|1418|XA04TEX|-|1.0|1.0|0.0|0.0|0.0|XA04TEX|-|1.0|1.0|169.841724069|8.0|-40.0|-40.0|-8.0|-8.0|648.0|648.0|648.0|648.0
UTNTSkyEdge_tnt03b_6358_0_terrain_1_0|6358|0|2|1418|1420|1520.0|4248.0|1608.0|4272.0|1564.131558702896|4259.517618089381|32.0|32.0|32.0|QFLAT07|XA04TEX|1.0|1.0|0.0|96.0|6.4|gravel|-|SG001338|-|400|1|0|1420|XA04TEX|-|1.0|1.0|0.0|0.0|0.0|XA04TEX|-|1.0|1.0|0.0|96.0|-8.0|-8.0|32.0|32.0|648.0|648.0|648.0|648.0
UTNTSkyEdge_tnt03b_6358_0_terrain_1_1|6358|0|2|1418|1420|1520.0|4248.0|1608.0|4272.0|1563.868441297104|4260.482381910619|32.0|32.0|32.0|QFLAT07|XA04TEX|1.0|1.0|0.0|0.0|6.4|gravel|-|SG001339|-|399|1|1|1420|XA04TEX|-|1.0|1.0|0.0|0.0|0.0|XA04TEX|-|1.0|1.0|0.0|96.0|-8.0|-8.0|32.0|32.0|648.0|648.0|648.0|648.0
UTNTSkyEdge_tnt03b_6359_0_terrain_1_0|6359|0|2|1418|498|1768.0|4288.0|1792.0|4256.0|1779.6|4271.7|64.0|64.0|64.0|QFLAT07|XA04TEX|1.0|1.0|0.0|64.0|8|gravel|-|SG001338|-|400|1|0|498|XA04TEX|-|1.0|1.0|0.0|0.0|0.0|XA04TEX|-|1.0|1.0|0.0|64.0|-8.0|-8.0|64.0|64.0|648.0|648.0|648.0|648.0
UTNTSkyEdge_tnt03b_6359_0_terrain_1_1|6359|0|2|1418|498|1768.0|4288.0|1792.0|4256.0|1780.4|4272.3|64.0|64.0|64.0|QFLAT07|XA04TEX|1.0|1.0|0.0|0.0|8|gravel|-|SG001335|-|398|1|1|498|XA04TEX|-|1.0|1.0|0.0|0.0|0.0|XA04TEX|-|1.0|1.0|0.0|64.0|-8.0|-8.0|64.0|64.0|648.0|648.0|648.0|648.0
UTNTSkyEdge_tnt03b_6360_0_terrain_1_0|6360|0|2|1418|1420|1608.0|4272.0|1768.0|4288.0|1688.0497518595105|4279.502481404895|32.0|32.0|32.0|QFLAT07|XA04TEX|1.0|1.0|91.214034008|96.0|6.4|gravel|-|SG001338|-|400|1|0|1420|XA04TEX|-|1.0|1.0|0.0|0.0|0.0|XA04TEX|-|1.0|1.0|91.214034008|96.0|-8.0|-8.0|32.0|32.0|648.0|648.0|648.0|648.0
UTNTSkyEdge_tnt03b_6360_0_terrain_1_1|6360|0|2|1418|1420|1608.0|4272.0|1768.0|4288.0|1687.9502481404895|4280.497518595105|32.0|32.0|32.0|QFLAT07|XA04TEX|1.0|1.0|0.0|0.0|6.4|gravel|-|SG001339|-|399|1|1|1420|XA04TEX|-|1.0|1.0|0.0|0.0|0.0|XA04TEX|-|1.0|1.0|91.214034008|96.0|-8.0|-8.0|32.0|32.0|648.0|648.0|648.0|648.0
