UTNTSkyEdge_tnt01gpt_19_0|19|0|1|1|1|1083.82609|752.0|1136.0|512.0|1109.4244568167524|631.8937851837508|640.0|640.0|640.0|QROCK3|QROCK3|1.0|1.0|0.0|0.0|22|rock|-|SG003771|-|1307
UTNTSkyEdge_tnt01gpt_20_0|20|0|1|1|1|1136.0|512.0|784.0|192.0|959.6636636030019|352.36997003669796|640.0|640.0|640.0|QROCK3|QROCK3|1.0|1.0|0.0|0.0|22|rock|-|SG003771|-|1307
UTNTSkyEdge_tnt01gpt_21_0|21|0|1|1|1|784.0|192.0|160.0|256.0|472.0510144327493|224.4973907193055|640.0|640.0|640.0|QROCK3|QROCK3|1.0|1.0|0.0|0.0|22|rock|-|SG003771|-|1307
UTNTSkyEdge_tnt01gpt_22_0|22|0|1|1|1|160.0|256.0|115.40518|496.81203|138.1942310026276|376.4970596293601|640.0|640.0|640.0|QROCK3|QROCK3|1.0|1.0|0.0|0.0|22|rock|-|SG003771|-|1307
UTNTSkyEdge_tnt01gpt_29_0|29|0|1|1|1|105.8376|548.47696|80.0|688.0|93.41044100249223|618.3295246300911|640.0|640.0|640.0|QROCK3|QROCK3|1.0|1.0|0.0|0.0|22|rock|-|SG003771|-|1307
UTNTSkyEdge_tnt01gpt_30_0|30|0|1|1|1|80.0|688.0|270.00823|945.06996|175.40620307170835|816.2377844707775|640.0|640.0|640.0|QROCK3|QROCK3|1.0|1.0|0.0|0.0|22|rock|-|SG003771|-|1307
UTNTSkyEdge_tnt01gpt_37_0|37|0|1|1|1|420.41106|1068.66871|784.0|1136.0|602.2965746363858|1101.8427139986734|640.0|640.0|640.0|QROCK3|QROCK3|1.0|1.0|0.0|0.0|22|rock|-|SG003771|-|1307
UTNTSkyEdge_tnt01gpt_38_0|38|0|1|1|1|784.0|1136.0|954.0|976.0|868.6573176504975|1055.6359000036537|640.0|640.0|640.0|QROCK3|QROCK3|1.0|1.0|0.0|0.0|22|rock|-|SG003771|-|1307
UTNTSkyEdge_tnt01gpt_677_0|677|0|1|117|117|352.0|1056.0|420.41106|1068.66871|386.29657459663645|1061.8427139913124|640.0|640.0|640.0|QROCK3|QROCK3|1.0|1.0|0.0|0.0|22|rock|-|SG003772|-|1308
UTNTSkyEdge_tnt01gpt_686_0|686|0|1|117|117|332.91674|1030.18148|352.0|1056.0|342.8604580254211|1042.7935444081536|640.0|640.0|640.0|QROCK3|QROCK3|1.0|1.0|0.0|0.0|22|rock|-|SG003772|-|1308
UTNTSkyEdge_tnt01gpt_689_0|689|0|1|119|119|270.00823|945.06996|330.24|1026.56|300.52620306765687|985.517784465296|512.0|512.0|512.0|QROCK3|QROCK3|1.0|1.0|0.0|0.0|22|rock|-|SG003773|-|1309
UTNTSkyEdge_tnt01gpt_690_0|690|0|1|121|121|115.40518|496.81203|105.8376|548.47696|111.11303100186119|522.7355396334988|640.0|640.0|640.0|QROCK3|QROCK3|1.0|1.0|0.0|0.0|22|rock|-|SG003774|-|1310
UTNTSkyEdge_tnt01gpt_1062_0|1062|0|1|191|191|3056.0|5296.0|3056.0|5168.0|3055.5|5232.0|640.0|640.0|640.0|QROCK3|QROCK3|1.0|1.0|0.0|0.0|22|rock|-|SG003775|-|1311
UTNTSkyEdge_tnt01gpt_1070_0|1070|0|1|193|193|3056.0|5696.0|3056.0|5664.0|3055.5|5680.0|640.0|640.0|640.0|QROCK3|QROCK3|1.0|1.0|0.0|0.0|22|rock|-|SG003776|-|1312
UTNTSkyEdge_tnt01gpt_1071_0|1071|0|1|193|193|3040.0|5712.0|3056.0|5696.0|3047.6464466094067|5703.646446609407|640.0|640.0|640.0|QROCK3|QROCK3|1.0|1.0|0.0|0.0|22|rock|-|SG003776|-|1312
UTNTSkyEdge_tnt01gpt_1073_0|1073|0|1|195|195|1456.0|5696.0|1470.4|5712.0|1463.5716470731236|5703.665517634189|640.0|640.0|640.0|QROCK3|QROCK3|1.0|1.0|0.0|0.0|22|rock|-|SG003777|-|1313
UTNTSkyEdge_tnt01gpt_1076_0|1076|0|1|195|195|1456.0|5664.0|1456.0|5696.0|1456.5|5680.0|640.0|640.0|640.0|QROCK3|QROCK3|1.0|1.0|0.0|0.0|22|rock|-|SG003777|-|1313
UTNTSkyEdge_tnt01gpt_1082_0|1082|0|1|197|197|1456.0|5168.0|1456.0|5296.0|1456.5|5232.0|640.0|640.0|640.0|QROCK3|QROCK3|1.0|1.0|0.0|0.0|22|rock|-|SG003778|-|1314
UTNTSkyEdge_tnt01gpt_1097_0|1097|0|1|201|201|330.24|1026.56|304.0|1020.0|316.99873218748183|1023.7650712500727|512.0|512.0|512.0|QROCK3|QROCK3|1.0|1.0|0.0|0.0|22|rock|-|SG003779|-|1315
UTNTSkyEdge_tnt01gpt_1102_0|1102|0|1|201|201|304.0|1145.84845|332.91674|1030.18148|317.97329874746043|1087.8936971973492|512.0|512.0|512.0|QROCK3|QROCK3|1.0|1.0|0.0|0.0|22|rock|-|SG003779|-|1315
UTNTSkyEdge_tnt01gpt_1579_0|1579|0|1|447|447|153.53789|1088.0|80.0|1088.0|116.768945|1088.5|512.0|512.0|512.0|QROCK3|QROCK3|1.0|1.0|0.0|0.0|22|rock|-|SG003780|-|1316
UTNTSkyEdge_tnt01gpt_1580_0|1580|0|1|447|447|80.0|1088.0|80.0|1296.0|80.5|1192.0|512.0|512.0|512.0|QROCK3|QROCK3|1.0|1.0|0.0|0.0|22|rock|-|SG003780|-|1316
UTNTSkyEdge_tnt01gpt_1581_0|1581|0|1|447|447|80.0|1296.0|304.0|1296.0|192.0|1295.5|512.0|512.0|512.0|QROCK3|QROCK3|1.0|1.0|0.0|0.0|22|rock|-|SG003780|-|1316
UTNTSkyEdge_tnt01gpt_1582_0|1582|0|1|447|447|304.0|1296.0|304.0|1145.84845|303.5|1220.924225|512.0|512.0|512.0|QROCK3|QROCK3|1.0|1.0|0.0|0.0|22|rock|-|SG003780|-|1316
UTNTSkyEdge_tnt01gpt_1589_0|1589|0|1|448|448|256.0|1008.0|178.3886|988.59715|217.07303218748183|998.7836462500727|512.0|512.0|512.0|QROCK3|QROCK3|1.0|1.0|0.0|0.0|22|rock|-|SG003781|-|1317
UTNTSkyEdge_tnt01gpt_1590_0|1590|0|1|448|448|178.3886|988.59715|153.53789|1088.0|166.44831625294316|1038.419842801036|512.0|512.0|512.0|QROCK3|QROCK3|1.0|1.0|0.0|0.0|22|rock|-|SG003781|-|1317
UTNTSkyEdge_tnt01gpt_2_0_terrain_1_0|2|0|2|0|2|879.08347|976.0|904.541|914.541|891.3502962400219|945.0791558544671|64.0|64.0|64.0|QROCK3|QROCK3|1.0|1.0|0.0|0.0|14|rock|-|SG003782|-|1318|1|0|2|QGRASS|-|1.0|1.0|0.0|0.0|0.0|QROCK3|-|1.0|1.0|0.0|0.0|0.0|0.0|64.0|64.0|640.0|640.0|640.0|640.0
UTNTSkyEdge_tnt01gpt_2_0_terrain_1_1|2|0|2|0|2|879.08347|976.0|904.541|914.541|892.2741737599783|945.4618441455331|64.0|64.0|64.0|QROCK3|QGRASS|1.0|1.0|0.0|0.0|14|grass|-|SG003783|-|1319|1|1|2|QGRASS|-|1.0|1.0|0.0|0.0|0.0|QROCK3|-|1.0|1.0|0.0|0.0|0.0|0.0|64.0|64.0|640.0|640.0|640.0|640.0
UTNTSkyEdge_tnt01gpt_3_0_terrain_1_0|3|0|2|0|2|904.541|914.541|1000.0|875.0|952.079155856972|894.3085612389842|64.0|64.0|64.0|QROCK3|QROCK3|1.0|1.0|0.0|0.0|14|rock|-|SG003782|-|1318|1|0|2|QGRASS|-|1.0|1.0|0.0|0.0|0.0|QROCK3|-|1.0|1.0|0.0|0.0|0.0|0.0|64.0|64.0|640.0|640.0|640.0|640.0
UTNTSkyEdge_tnt01gpt_3_0_terrain_1_1|3|0|2|0|2|904.541|914.541|1000.0|875.0|952.4618441430282|895.2324387610159|64.0|64.0|64.0|QROCK3|QGRASS|1.0|1.0|0.0|0.0|14|grass|-|SG003784|-|1319|1|1|2|QGRASS|-|1.0|1.0|0.0|0.0|0.0|QROCK3|-|1.0|1.0|0.0|0.0|0.0|0.0|64.0|64.0|640.0|640.0|640.0|640.0
UTNTSkyEdge_tnt01gpt_3_0_terrain_2_1|3|0|2|0|0|904.541|914.541|1000.0|875.0|952.079155856972|894.3085612389842|0.0|0.0|0.0|QROCK3|GRAVE02|1.0|1.0|0.0|0.0|14|gravel|-|SG003785|-|1318|2|1|0|GRAVE02|-|1.0|1.0|0.0|0.0|0.0|QROCK3|-|1.0|1.0|0.0|0.0|0.0|0.0|64.0|64.0|640.0|640.0|640.0|640.0
UTNTSkyEdge_tnt01gpt_4_0_terrain_1_0|4|0|2|0|2|1000.0|875.0|1042.57492|892.63537|1021.4788041307179|883.355746233885|64.0|64.0|64.0|QROCK3|QROCK3|1.0|1.0|0.0|0.0|14|rock|-|SG003782|-|1318|1|0|2|QGRASS|-|1.0|1.0|0.0|0.0|0.0|QROCK3|-|1.0|1.0|0.0|0.0|0.0|0.0|64.0|64.0|640.0|640.0|640.0|640.0
UTNTSkyEdge_tnt01gpt_4_0_terrain_1_1|4|0|2|0|2|1000.0|875.0|1042.57492|892.63537|1021.0961158692821|884.2796237661149|64.0|64.0|64.0|QROCK3|QGRASS|1.0|1.0|0.0|0.0|14|grass|-|SG003786|-|1319|1|1|2|QGRASS|-|1.0|1.0|0.0|0.0|0.0|QROCK3|-|1.0|1.0|0.0|0.0|0.0|0.0|64.0|64.0|640.0|640.0|640.0|640.0
UTNTSkyEdge_tnt01gpt_21_0_terrain_2_1|21|0|1|1|1|784.0|192.0|160.0|256.0|472.0510144327493|224.4973907193055|-64.0|-64.0|-64.0|QROCK3|QGRASS|1.0|1.0|0.0|0.0|14|grass|-|SG003787|-|1307|2|1|1|QGRASS|-|1.0|1.0|0.0|0.0|0.0|QROCK3|-|1.0|1.0|0.0|0.0|-64.0|-64.0|0|0|640.0|640.0|0|0
UTNTSkyEdge_tnt01gpt_24_0_terrain_1_0|24|0|2|1|121|137.48421|377.58529|189.054|398.946|163.4604452143478|387.8037046116669|-16.0|-16.0|-16.0|QROCK3|QROCK3|1.0|1.0|0.0|0.0|14|rock|-|SG003771|-|1307|1|0|121|QGRASS|-|1.0|1.0|0.0|0.0|0.0|QROCK3|-|1.0|1.0|0.0|0.0|-64.0|-64.0|-16.0|-16.0|640.0|640.0|640.0|640.0
UTNTSkyEdge_tnt01gpt_24_0_terrain_1_1|24|0|2|1|121|137.48421|377.58529|189.054|398.946|163.0777647856522|388.7275853883331|-16.0|-16.0|-16.0|QROCK3|QGRASS|1.0|1.0|0.0|0.0|14|grass|-|SG003788|-|1310|1|1|121|QGRASS|-|1.0|1.0|0.0|0.0|0.0|QROCK3|-|1.0|1.0|0.0|0.0|-64.0|-64.0|-16.0|-16.0|640.0|640.0|640.0|640.0
UTNTSkyEdge_tnt01gpt_25_0_terrain_1_0|25|0|2|1|121|189.054|398.946|216.0|464.0|202.98894039159478|431.2816597935267|-16.0|-16.0|-16.0|QROCK3|QROCK3|1.0|1.0|0.0|0.0|14|rock|-|SG003771|-|1307|1|0|121|QGRASS|-|1.0|1.0|0.0|0.0|0.0|QROCK3|-|1.0|1.0|0.0|0.0|-64.0|-64.0|-16.0|-16.0|640.0|640.0|640.0|640.0
UTNTSkyEdge_tnt01gpt_25_0_terrain_1_1|25|0|2|1|121|189.054|398.946|216.0|464.0|202.0650596084052|431.6643402064733|-16.0|-16.0|-16.0|QROCK3|QGRASS|1.0|1.0|0.0|0.0|14|grass|-|SG003789|-|1310|1|1|121|QGRASS|-|1.0|1.0|0.0|0.0|0.0|QROCK3|-|1.0|1.0|0.0|0.0|-64.0|-64.0|-16.0|-16.0|640.0|640.0|640.0|640.0
UTNTSkyEdge_tnt01gpt_26_0_terrain_1_0|26|0|2|1|121|216.0|464.0|189.054|529.054|202.98894039159478|496.7183402064733|-16.0|-16.0|-16.0|QROCK3|QROCK3|1.0|1.0|0.0|0.0|14|rock|-|SG003771|-|1307|1|0|121|QGRASS|-|1.0|1.0|0.0|0.0|0.0|QROCK3|-|1.0|1.0|0.0|0.0|-64.0|-64.0|-16.0|-16.0|640.0|640.0|640.0|640.0
UTNTSkyEdge_tnt01gpt_26_0_terrain_1_1|26|0|2|1|121|216.0|464.0|189.054|529.054|202.0650596084052|496.3356597935267|-16.0|-16.0|-16.0|QROCK3|QGRASS|1.0|1.0|0.0|0.0|14|grass|-|SG003790|-|1310|1|1|121|QGRASS|-|1.0|1.0|0.0|0.0|0.0|QROCK3|-|1.0|1.0|0.0|0.0|-64.0|-64.0|-16.0|-16.0|640.0|640.0|640.0|640.0
UTNTSkyEdge_tnt01gpt_27_0_terrain_1_0|27|0|2|1|121|189.054|529.054|124.0|556.0|156.71834020647327|542.9889403915948|-16.0|-16.0|-16.0|QROCK3|QROCK3|1.0|1.0|0.0|0.0|14|rock|-|SG003771|-|1307|1|0|121|QGRASS|-|1.0|1.0|0.0|0.0|0.0|QROCK3|-|1.0|1.0|0.0|0.0|-64.0|-64.0|-16.0|-16.0|640.0|640.0|640.0|640.0
UTNTSkyEdge_tnt01gpt_27_0_terrain_1_1|27|0|2|1|121|189.054|529.054|124.0|556.0|156.3356597935267|542.0650596084052|-16.0|-16.0|-16.0|QROCK3|QGRASS|1.0|1.0|0.0|0.0|14|grass|-|SG003791|-|1310|1|1|121|QGRASS|-|1.0|1.0|0.0|0.0|0.0|QROCK3|-|1.0|1.0|0.0|0.0|-64.0|-64.0|-16.0|-16.0|640.0|640.0|640.0|640.0
UTNTSkyEdge_tnt01gpt_28_0_terrain_1_0|28|0|2|1|121|124.0|556.0|105.8376|548.47696|114.72745985567705|552.700420417338|-16.0|-16.0|-16.0|QROCK3|QROCK3|1.0|1.0|0.0|0.0|7.0|rock|-|SG003771|-|1307|1|0|121|QGRASS|-|1.0|1.0|0.0|0.0|0.0|QROCK3|-|1.0|1.0|0.0|0.0|-64.0|-64.0|-16.0|-16.0|640.0|640.0|640.0|640.0
UTNTSkyEdge_tnt01gpt_28_0_terrain_1_1|28|0|2|1|121|124.0|556.0|105.8376|548.47696|115.11014014432295|551.7765395826619|-16.0|-16.0|-16.0|QROCK3|QGRASS|1.0|1.0|0.0|0.0|7.0|grass|-|SG003792|-|1310|1|1|121|QGRASS|-|1.0|1.0|0.0|0.0|0.0|QROCK3|-|1.0|1.0|0.0|0.0|-64.0|-64.0|-16.0|-16.0|640.0|640.0|640.0|640.0
UTNTSkyEdge_tnt01gpt_32_0_terrain_1_0|32|0|2|1|120|270.905|942.905|360.0|906.0|315.2611554397325|923.9905614118131|72.0|72.0|72.0|QROCK3|QROCK3|1.0|1.0|0.0|0.0|3.5|rock|-|SG003771|-|1307|1|0|120|QGRASS|-|1.0|1.0|0.0|0.0|0.0|QROCK3|-|1.0|1.0|0.0|0.0|-64.0|-64.0|72.0|72.0|640.0|640.0|640.0|640.0
UTNTSkyEdge_tnt01gpt_32_0_terrain_1_1|32|0|2|1|120|270.905|942.905|360.0|906.0|315.6438445602675|924.9144385881868|72.0|72.0|72.0|QROCK3|QGRASS|1.0|1.0|0.0|0.0|3.5|grass|-|SG003793|-|1320|1|1|120|QGRASS|-|1.0|1.0|0.0|0.0|0.0|QROCK3|-|1.0|1.0|0.0|0.0|-64.0|-64.0|72.0|72.0|640.0|640.0|640.0|640.0
UTNTSkyEdge_tnt01gpt_32_0_terrain_2_1|32|0|2|1|1|270.905|942.905|360.0|906.0|315.2611554397325|923.9905614118131|-64.0|-64.0|-64.0|QROCK3|QGRASS|1.0|1.0|0.0|0.0|5|grass|-|SG003794|-|1307|2|1|1|QGRASS|-|1.0|1.0|0.0|0.0|0.0|QROCK3|-|1.0|1.0|0.0|0.0|-64.0|-64.0|72.0|72.0|640.0|640.0|640.0|640.0
UTNTSkyEdge_tnt01gpt_33_0_terrain_1_0|33|0|2|1|120|360.0|906.0|449.095|942.905|404.7388445602675|923.9905614118131|72.0|72.0|72.0|QROCK3|QROCK3|1.0|1.0|0.0|0.0|14|rock|-|SG003771|-|1307|1|0|120|QGRASS|-|1.0|1.0|0.0|0.0|0.0|QROCK3|-|1.0|1.0|0.0|0.0|-64.0|-64.0|72.0|72.0|640.0|640.0|640.0|640.0
UTNTSkyEdge_tnt01gpt_33_0_terrain_1_1|33|0|2|1|120|360.0|906.0|449.095|942.905|404.3561554397325|924.9144385881868|72.0|72.0|72.0|QROCK3|QGRASS|1.0|1.0|0.0|0.0|14|grass|-|SG003795|-|1320|1|1|120|QGRASS|-|1.0|1.0|0.0|0.0|0.0|QROCK3|-|1.0|1.0|0.0|0.0|-64.0|-64.0|72.0|72.0|640.0|640.0|640.0|640.0
UTNTSkyEdge_tnt01gpt_33_0_terrain_2_1|33|0|2|1|1|360.0|906.0|449.095|942.905|404.7388445602675|923.9905614118131|-64.0|-64.0|-64.0|QROCK3|QGRASS|1.0|1.0|0.0|0.0|14|grass|-|SG003796|-|1307|2|1|1|QGRASS|-|1.0|1.0|0.0|0.0|0.0|QROCK3|-|1.0|1.0|0.0|0.0|-64.0|-64.0|72.0|72.0|640.0|640.0|640.0|640.0
UTNTSkyEdge_tnt01gpt_34_0_terrain_1_0|34|0|2|1|120|449.095|942.905|486.0|1032.0|468.0094385881868|987.2611554397324|72.0|72.0|72.0|QROCK3|QROCK3|1.0|1.0|0.0|0.0|14|rock|-|SG003771|-|1307|1|0|120|QGRASS|-|1.0|1.0|0.0|0.0|0.0|QROCK3|-|1.0|1.0|0.0|0.0|-64.0|-64.0|72.0|72.0|640.0|640.0|640.0|640.0
UTNTSkyEdge_tnt01gpt_34_0_terrain_1_1|34|0|2|1|120|449.095|942.905|486.0|1032.0|467.0855614118132|987.6438445602676|72.0|72.0|72.0|QROCK3|QGRASS|1.0|1.0|0.0|0.0|14|grass|-|SG003797|-|1320|1|1|120|QGRASS|-|1.0|1.0|0.0|0.0|0.0|QROCK3|-|1.0|1.0|0.0|0.0|-64.0|-64.0|72.0|72.0|640.0|640.0|640.0|640.0
UTNTSkyEdge_tnt01gpt_34_0_terrain_2_1|34|0|2|1|1|449.095|942.905|486.0|1032.0|468.0094385881868|987.2611554397324|-64.0|-64.0|-64.0|QROCK3|QGRASS|1.0|1.0|0.0|0.0|14|grass|-|SG003798|-|1307|2|1|1|QGRASS|-|1.0|1.0|0.0|0.0|0.0|QROCK3|-|1.0|1.0|0.0|0.0|-64.0|-64.0|72.0|72.0|640.0|640.0|640.0|640.0
UTNTSkyEdge_tnt01gpt_35_0_terrain_1_0|35|0|2|1|120|486.0|1032.0|467.22042|1077.33712|477.0721485774114|1054.8599045862813|72.0|72.0|72.0|QROCK3|QROCK3|1.0|1.0|0.0|0.0|14|rock|-|SG003771|-|1307|1|0|120|QGRASS|-|1.0|1.0|0.0|0.0|0.0|QROCK3|-|1.0|1.0|0.0|0.0|-64.0|-64.0|72.0|72.0|640.0|640.0|640.0|640.0
UTNTSkyEdge_tnt01gpt_35_0_terrain_1_1|35|0|2|1|120|486.0|1032.0|467.22042|1077.33712|476.1482714225886|1054.4772154137188|72.0|72.0|72.0|QROCK3|QGRASS|1.0|1.0|0.0|0.0|14|grass|-|SG003799|-|1320|1|1|120|QGRASS|-|1.0|1.0|0.0|0.0|0.0|QROCK3|-|1.0|1.0|0.0|0.0|-64.0|-64.0|72.0|72.0|640.0|640.0|640.0|640.0
UTNTSkyEdge_tnt01gpt_37_0_terrain_2_1|37|0|1|1|1|420.41106|1068.66871|784.0|1136.0|602.2965746363858|1101.8427139986734|-64.0|-64.0|-64.0|QROCK3|QGRASS|1.0|1.0|0.0|0.0|14|grass|-|SG003800|-|1307|2|1|1|QGRASS|-|1.0|1.0|0.0|0.0|0.0|QROCK3|-|1.0|1.0|0.0|0.0|-64.0|-64.0|0|0|640.0|640.0|0|0
UTNTSkyEdge_tnt01gpt_41_0_terrain_1_0|41|0|2|1|3|879.83143|1045.80571|865.0|1010.0|871.9537762340749|1028.0941991311765|64.0|64.0|64.0|QROCK3|QROCK3|1.0|1.0|0.0|0.0|14|rock|-|SG003771|-|1307|1|0|3|QGRASS|-|1.0|1.0|0.0|0.0|0.0|QROCK3|-|1.0|1.0|0.0|0.0|-64.0|-64.0|64.0|64.0|640.0|640.0|640.0|640.0
UTNTSkyEdge_tnt01gpt_41_0_terrain_1_1|41|0|2|1|3|879.83143|1045.80571|865.0|1010.0|872.8776537659251|1027.7115108688236|64.0|64.0|64.0|QROCK3|QGRASS|1.0|1.0|0.0|0.0|14|grass|-|SG003801|-|1321|1|1|3|QGRASS|-|1.0|1.0|0.0|0.0|0.0|QROCK3|-|1.0|1.0|0.0|0.0|-64.0|-64.0|64.0|64.0|640.0|640.0|640.0|640.0
UTNTSkyEdge_tnt01gpt_42_0_terrain_1_0|42|0|2|1|3|865.0|1010.0|879.08347|976.0|871.5797962371088|992.8086558614996|64.0|64.0|64.0|QROCK3|QROCK3|1.0|1.0|0.0|0.0|7.0|rock|-|SG003771|-|1307|1|0|3|QGRASS|-|1.0|1.0|0.0|0.0|0.0|QROCK3|-|1.0|1.0|0.0|0.0|-64.0|-64.0|64.0|64.0|640.0|640.0|640.0|640.0
UTNTSkyEdge_tnt01gpt_42_0_terrain_1_1|42|0|2|1|3|865.0|1010.0|879.08347|976.0|872.5036737628913|993.1913441385004|64.0|64.0|64.0|QROCK3|QGRASS|1.0|1.0|0.0|0.0|7.0|grass|-|SG003802|-|1321|1|1|3|QGRASS|-|1.0|1.0|0.0|0.0|0.0|QROCK3|-|1.0|1.0|0.0|0.0|-64.0|-64.0|64.0|64.0|640.0|640.0|640.0|640.0
UTNTSkyEdge_tnt01gpt_43_0_terrain_1_0|43|0|2|1|199|326.066|906.066|261.07633|932.98562|293.76250682097026|919.9877497228513|32.0|32.0|32.0|QROCK3|QROCK3|1.0|1.0|0.0|0.0|3.5|rock|-|SG003771|-|1307|1|0|199|QGRASS|-|1.0|1.0|0.0|0.0|0.0|QROCK3|-|1.0|1.0|0.0|0.0|-64.0|-64.0|32.0|32.0|640.0|640.0|640.0|640.0
UTNTSkyEdge_tnt01gpt_43_0_terrain_1_1|43|0|2|1|199|326.066|906.066|261.07633|932.98562|293.37982317902964|919.0638702771489|32.0|32.0|32.0|QROCK3|QGRASS|1.0|1.0|0.0|0.0|3.5|grass|-|SG003803|-|1322|1|1|199|QGRASS|-|1.0|1.0|0.0|0.0|0.0|QROCK3|-|1.0|1.0|0.0|0.0|-64.0|-64.0|32.0|32.0|640.0|640.0|640.0|640.0
UTNTSkyEdge_tnt01gpt_45_0_terrain_1_0|45|0|2|1|199|103.32209|719.55341|113.934|693.934|108.16610525234624|706.5523632389085|32.0|32.0|32.0|QROCK3|QROCK3|1.0|1.0|0.0|0.0|3.5|rock|-|SG003771|-|1307|1|0|199|QGRASS|-|1.0|1.0|0.0|0.0|0.0|QROCK3|-|1.0|1.0|0.0|0.0|-64.0|-64.0|32.0|32.0|640.0|640.0|640.0|640.0
UTNTSkyEdge_tnt01gpt_45_0_terrain_1_1|45|0|2|1|199|103.32209|719.55341|113.934|693.934|109.08998474765376|706.9350467610915|32.0|32.0|32.0|QROCK3|QGRASS|1.0|1.0|0.0|0.0|3.5|grass|-|SG003804|-|1322|1|1|199|QGRASS|-|1.0|1.0|0.0|0.0|0.0|QROCK3|-|1.0|1.0|0.0|0.0|-64.0|-64.0|32.0|32.0|640.0|640.0|640.0|640.0
UTNTSkyEdge_tnt01gpt_46_0_terrain_1_0|46|0|2|1|199|113.934|693.934|220.0|650.0|166.7756581935093|671.5050602711513|32.0|32.0|32.0|QROCK3|QROCK3|1.0|1.0|0.0|0.0|14|rock|-|SG003771|-|1307|1|0|199|QGRASS|-|1.0|1.0|0.0|0.0|0.0|QROCK3|-|1.0|1.0|0.0|0.0|-64.0|-64.0|32.0|32.0|640.0|640.0|640.0|640.0
UTNTSkyEdge_tnt01gpt_46_0_terrain_1_1|46|0|2|1|199|113.934|693.934|220.0|650.0|167.15834180649068|672.4289397288487|32.0|32.0|32.0|QROCK3|QGRASS|1.0|1.0|0.0|0.0|14|grass|-|SG003805|-|1322|1|1|199|QGRASS|-|1.0|1.0|0.0|0.0|0.0|QROCK3|-|1.0|1.0|0.0|0.0|-64.0|-64.0|32.0|32.0|640.0|640.0|640.0|640.0
UTNTSkyEdge_tnt01gpt_47_0_terrain_1_0|47|0|2|1|199|220.0|650.0|326.066|693.934|273.2243418064907|671.5050602711513|32.0|32.0|32.0|QROCK3|QROCK3|1.0|1.0|0.0|0.0|14|rock|-|SG003771|-|1307|1|0|199|QGRASS|-|1.0|1.0|0.0|0.0|0.0|QROCK3|-|1.0|1.0|0.0|0.0|-64.0|-64.0|32.0|32.0|640.0|640.0|640.0|640.0
UTNTSkyEdge_tnt01gpt_47_0_terrain_1_1|47|0|2|1|199|220.0|650.0|326.066|693.934|272.8416581935093|672.4289397288487|32.0|32.0|32.0|QROCK3|QGRASS|1.0|1.0|0.0|0.0|14|grass|-|SG003806|-|1322|1|1|199|QGRASS|-|1.0|1.0|0.0|0.0|0.0|QROCK3|-|1.0|1.0|0.0|0.0|-64.0|-64.0|32.0|32.0|640.0|640.0|640.0|640.0
UTNTSkyEdge_tnt01gpt_48_0_terrain_1_0|48|0|2|1|199|326.066|693.934|370.0|800.0|348.4949397288488|746.7756581935093|32.0|32.0|32.0|QROCK3|QROCK3|1.0|1.0|0.0|0.0|14|rock|-|SG003771|-|1307|1|0|199|QGRASS|-|1.0|1.0|0.0|0.0|0.0|QROCK3|-|1.0|1.0|0.0|0.0|-64.0|-64.0|32.0|32.0|640.0|640.0|640.0|640.0
UTNTSkyEdge_tnt01gpt_48_0_terrain_1_1|48|0|2|1|199|326.066|693.934|370.0|800.0|347.5710602711512|747.1583418064906|32.0|32.0|32.0|QROCK3|QGRASS|1.0|1.0|0.0|0.0|14|grass|-|SG003807|-|1322|1|1|199|QGRASS|-|1.0|1.0|0.0|0.0|0.0|QROCK3|-|1.0|1.0|0.0|0.0|-64.0|-64.0|32.0|32.0|640.0|640.0|640.0|640.0
UTNTSkyEdge_tnt01gpt_49_0_terrain_1_0|49|0|2|1|199|370.0|800.0|326.066|906.066|348.4949397288488|853.2243418064907|32.0|32.0|32.0|QROCK3|QROCK3|1.0|1.0|0.0|0.0|14|rock|-|SG003771|-|1307|1|0|199|QGRASS|-|1.0|1.0|0.0|0.0|0.0|QROCK3|-|1.0|1.0|0.0|0.0|-64.0|-64.0|32.0|32.0|640.0|640.0|640.0|640.0
UTNTSkyEdge_tnt01gpt_49_0_terrain_1_1|49|0|2|1|199|370.0|800.0|326.066|906.066|347.5710602711512|852.8416581935094|32.0|32.0|32.0|QROCK3|QGRASS|1.0|1.0|0.0|0.0|14|grass|-|SG003808|-|1322|1|1|199|QGRASS|-|1.0|1.0|0.0|0.0|0.0|QROCK3|-|1.0|1.0|0.0|0.0|-64.0|-64.0|32.0|32.0|640.0|640.0|640.0|640.0
UTNTSkyEdge_tnt01gpt_49_0_terrain_2_1|49|0|2|1|1|370.0|800.0|326.066|906.066|348.4949397288488|853.2243418064907|-64.0|-64.0|-64.0|QROCK3|QGRASS|1.0|1.0|0.0|0.0|14|grass|-|SG003809|-|1307|2|1|1|QGRASS|-|1.0|1.0|0.0|0.0|0.0|QROCK3|-|1.0|1.0|0.0|0.0|-64.0|-64.0|32.0|32.0|640.0|640.0|640.0|640.0
UTNTSkyEdge_tnt01gpt_50_0_terrain_1_0|50|0|2|1|202|935.754|385.754|977.91788|368.28898|956.6445967028611|376.559550888601|24.0|24.0|24.0|QROCK3|QROCK3|1.0|1.0|0.0|0.0|7.0|rock|-|SG003771|-|1307|1|0|202|QGRASS|-|1.0|1.0|0.0|0.0|0.0|QROCK3|-|1.0|1.0|0.0|0.0|-64.0|-64.0|24.0|24.0|640.0|640.0|640.0|640.0
UTNTSkyEdge_tnt01gpt_50_0_terrain_1_1|50|0|2|1|202|935.754|385.754|977.91788|368.28898|957.0272832971388|377.48342911139895|24.0|24.0|24.0|QROCK3|QGRASS|1.0|1.0|0.0|0.0|7.0|grass|-|SG003810|-|1323|1|1|202|QGRASS|-|1.0|1.0|0.0|0.0|0.0|QROCK3|-|1.0|1.0|0.0|0.0|-64.0|-64.0|24.0|24.0|640.0|640.0|640.0|640.0
UTNTSkyEdge_tnt01gpt_52_0_terrain_1_0|52|0|2|1|202|1105.09741|483.90674|1084.246|534.246|1095.1336440985963|509.26771332804765|24.0|24.0|24.0|QROCK3|QROCK3|1.0|1.0|0.0|0.0|14|rock|-|SG003771|-|1307|1|0|202|QGRASS|-|1.0|1.0|0.0|0.0|0.0|QROCK3|-|1.0|1.0|0.0|0.0|-64.0|-64.0|24.0|24.0|640.0|640.0|640.0|640.0
UTNTSkyEdge_tnt01gpt_52_0_terrain_1_1|52|0|2|1|202|1105.09741|483.90674|1084.246|534.246|1094.2097659014041|508.88502667195235|24.0|24.0|24.0|QROCK3|QGRASS|1.0|1.0|0.0|0.0|14|grass|-|SG003811|-|1323|1|1|202|QGRASS|-|1.0|1.0|0.0|0.0|0.0|QROCK3|-|1.0|1.0|0.0|0.0|-64.0|-64.0|24.0|24.0|640.0|640.0|640.0|640.0
UTNTSkyEdge_tnt01gpt_53_0_terrain_1_0|53|0|2|1|202|1084.246|534.246|1010.0|565.0|1047.31434330855|550.0849391066723|24.0|24.0|24.0|QROCK3|QROCK3|1.0|1.0|0.0|0.0|14|rock|-|SG003771|-|1307|1|0|202|QGRASS|-|1.0|1.0|0.0|0.0|0.0|QROCK3|-|1.0|1.0|0.0|0.0|-64.0|-64.0|24.0|24.0|640.0|640.0|640.0|640.0
UTNTSkyEdge_tnt01gpt_53_0_terrain_1_1|53|0|2|1|202|1084.246|534.246|1010.0|565.0|1046.9316566914501|549.1610608933278|24.0|24.0|24.0|QROCK3|QGRASS|1.0|1.0|0.0|0.0|14|grass|-|SG003812|-|1323|1|1|202|QGRASS|-|1.0|1.0|0.0|0.0|0.0|QROCK3|-|1.0|1.0|0.0|0.0|-64.0|-64.0|24.0|24.0|640.0|640.0|640.0|640.0
UTNTSkyEdge_tnt01gpt_54_0_terrain_1_0|54|0|2|1|202|1010.0|565.0|935.754|534.246|972.68565669145|550.0849391066723|24.0|24.0|24.0|QROCK3|QROCK3|1.0|1.0|0.0|0.0|14|rock|-|SG003771|-|1307|1|0|202|QGRASS|-|1.0|1.0|0.0|0.0|0.0|QROCK3|-|1.0|1.0|0.0|0.0|-64.0|-64.0|24.0|24.0|640.0|640.0|640.0|640.0
UTNTSkyEdge_tnt01gpt_54_0_terrain_1_1|54|0|2|1|202|1010.0|565.0|935.754|534.246|973.0683433085499|549.1610608933278|24.0|24.0|24.0|QROCK3|QGRASS|1.0|1.0|0.0|0.0|14|grass|-|SG003813|-|1323|1|1|202|QGRASS|-|1.0|1.0|0.0|0.0|0.0|QROCK3|-|1.0|1.0|0.0|0.0|-64.0|-64.0|24.0|24.0|640.0|640.0|640.0|640.0
UTNTSkyEdge_tnt01gpt_55_0_terrain_1_0|55|0|2|1|202|935.754|534.246|905.0|460.0|919.9150608933277|497.31434330854995|24.0|24.0|24.0|QROCK3|QROCK3|1.0|1.0|0.0|0.0|14|rock|-|SG003771|-|1307|1|0|202|QGRASS|-|1.0|1.0|0.0|0.0|0.0|QROCK3|-|1.0|1.0|0.0|0.0|-64.0|-64.0|24.0|24.0|640.0|640.0|640.0|640.0
UTNTSkyEdge_tnt01gpt_55_0_terrain_1_1|55|0|2|1|202|935.754|534.246|905.0|460.0|920.8389391066722|496.93165669145003|24.0|24.0|24.0|QROCK3|QGRASS|1.0|1.0|0.0|0.0|14|grass|-|SG003814|-|1323|1|1|202|QGRASS|-|1.0|1.0|0.0|0.0|0.0|QROCK3|-|1.0|1.0|0.0|0.0|-64.0|-64.0|24.0|24.0|640.0|640.0|640.0|640.0
UTNTSkyEdge_tnt01gpt_56_0_terrain_1_0|56|0|2|1|202|905.0|460.0|935.754|385.754|919.9150608933277|422.68565669145005|24.0|24.0|24.0|QROCK3|QROCK3|1.0|1.0|0.0|0.0|14|rock|-|SG003771|-|1307|1|0|202|QGRASS|-|1.0|1.0|0.0|0.0|0.0|QROCK3|-|1.0|1.0|0.0|0.0|-64.0|-64.0|24.0|24.0|640.0|640.0|640.0|640.0
UTNTSkyEdge_tnt01gpt_56_0_terrain_1_1|56|0|2|1|202|905.0|460.0|935.754|385.754|920.8389391066722|423.06834330854997|24.0|24.0|24.0|QROCK3|QGRASS|1.0|1.0|0.0|0.0|14|grass|-|SG003815|-|1323|1|1|202|QGRASS|-|1.0|1.0|0.0|0.0|0.0|QROCK3|-|1.0|1.0|0.0|0.0|-64.0|-64.0|24.0|24.0|640.0|640.0|640.0|640.0
UTNTSkyEdge_tnt01gpt_58_0_terrain_1_0|58|0|2|2|4|933.08297|976.0|942.724|952.724|937.4415437961899|964.170661754418|96.0|96.0|96.0|QROCK3|QROCK3|1.0|1.0|0.0|0.0|14|rock|-|SG003816|-|1319|1|0|4|QGRASS|-|1.0|1.0|0.0|0.0|0.0|QROCK3|-|1.0|1.0|0.0|0.0|64.0|64.0|96.0|96.0|640.0|640.0|640.0|640.0
UTNTSkyEdge_tnt01gpt_58_0_terrain_1_1|58|0|2|2|4|933.08297|976.0|942.724|952.724|938.3654262038102|964.5533382455822|96.0|96.0|96.0|QROCK3|QGRASS|1.0|1.0|0.0|0.0|14|grass|-|SG003817|-|1324|1|1|4|QGRASS|-|1.0|1.0|0.0|0.0|0.0|QROCK3|-|1.0|1.0|0.0|0.0|64.0|64.0|96.0|96.0|640.0|640.0|640.0|640.0
UTNTSkyEdge_tnt01gpt_59_0_terrain_1_0|59|0|2|2|4|942.724|952.724|1000.0|929.0|971.1706616983064|940.4000588194316|96.0|96.0|96.0|QROCK3|QROCK3|1.0|1.0|0.0|0.0|5.12|rock|-|SG003816|-|1319|1|0|4|QGRASS|-|1.0|1.0|0.0|0.0|0.0|QROCK3|-|1.0|1.0|0.0|0.0|64.0|64.0|96.0|96.0|640.0|640.0|640.0|640.0
UTNTSkyEdge_tnt01gpt_59_0_terrain_1_1|59|0|2|2|4|942.724|952.724|1000.0|929.0|971.5533383016938|941.3239411805686|96.0|96.0|96.0|QROCK3|QGRASS|1.0|1.0|0.0|0.0|5.12|grass|-|SG003818|-|1324|1|1|4|QGRASS|-|1.0|1.0|0.0|0.0|0.0|QROCK3|-|1.0|1.0|0.0|0.0|64.0|64.0|96.0|96.0|640.0|640.0|640.0|640.0
UTNTSkyEdge_tnt01gpt_61_1_terrain_1_0|61|1|2|6|2|1042.57492|892.63537|1002.7342|930.13252|1022.9972423580545|911.7480449882975|64.0|64.0|64.0|QROCK3|QROCK3|1.0|1.0|0.0|0.0|14|rock|-|SG003819|-|1325|1|0|2|QGRASS|-|1.0|1.0|0.0|0.0|0.0|QROCK3|-|1.0|1.0|0.0|0.0|0.0|0.0|64.0|64.0|512.0|512.0|640.0|640.0
UTNTSkyEdge_tnt01gpt_61_1_terrain_1_1|61|1|2|6|2|1042.57492|892.63537|1002.7342|930.13252|1022.3118776419454|911.0198450117026|64.0|64.0|64.0|QROCK3|QGRASS|1.0|1.0|0.0|0.0|14|grass|-|SG003820|-|1319|1|1|2|QGRASS|-|1.0|1.0|0.0|0.0|0.0|QROCK3|-|1.0|1.0|0.0|0.0|0.0|0.0|64.0|64.0|512.0|512.0|640.0|640.0
UTNTSkyEdge_tnt01gpt_521_0_terrain_1_0|521|0|2|88|197|1480.0|5072.0|1600.0|5072.0|1540.0|5071.5|64.0|64.0|64.0|QROCK3|QROCK3|1.0|1.0|0.0|0.0|14|rock|-|SG003821|-|1326|1|0|197|QGRASS|-|1.0|1.0|0.0|0.0|0.0|QROCK3|-|1.0|1.0|0.0|0.0|0.0|0.0|64.0|64.0|640.0|640.0|640.0|640.0
UTNTSkyEdge_tnt01gpt_521_0_terrain_1_1|521|0|2|88|197|1480.0|5072.0|1600.0|5072.0|1540.0|5072.5|64.0|64.0|64.0|QROCK3|QGRASS|1.0|1.0|0.0|0.0|14|grass|-|SG003822|-|1314|1|1|197|QGRASS|-|1.0|1.0|0.0|0.0|0.0|QROCK3|-|1.0|1.0|0.0|0.0|0.0|0.0|64.0|64.0|640.0|640.0|640.0|640.0
UTNTSkyEdge_tnt01gpt_522_0_terrain_1_0|522|0|2|88|197|1600.0|5072.0|1600.0|5296.0|1600.5|5184.0|64.0|64.0|64.0|QROCK3|QROCK3|1.0|1.0|0.0|0.0|14|rock|-|SG003821|-|1326|1|0|197|QGRASS|-|1.0|1.0|0.0|0.0|0.0|QROCK3|-|1.0|1.0|0.0|0.0|0.0|0.0|64.0|64.0|640.0|640.0|640.0|640.0
UTNTSkyEdge_tnt01gpt_522_0_terrain_1_1|522|0|2|88|197|1600.0|5072.0|1600.0|5296.0|1599.5|5184.0|64.0|64.0|64.0|QROCK3|QGRASS|1.0|1.0|0.0|0.0|14|grass|-|SG003823|-|1314|1|1|197|QGRASS|-|1.0|1.0|0.0|0.0|0.0|QROCK3|-|1.0|1.0|0.0|0.0|0.0|0.0|64.0|64.0|640.0|640.0|640.0|640.0
UTNTSkyEdge_tnt01gpt_523_0_terrain_1_0|523|0|2|88|197|1600.0|5296.0|1456.0|5296.0|1528.0|5296.5|64.0|64.0|64.0|QROCK3|QROCK3|1.0|1.0|0.0|0.0|14|rock|-|SG003821|-|1326|1|0|197|QGRASS|-|1.0|1.0|0.0|0.0|0.0|QROCK3|-|1.0|1.0|0.0|0.0|0.0|0.0|64.0|64.0|640.0|640.0|640.0|640.0
UTNTSkyEdge_tnt01gpt_523_0_terrain_1_1|523|0|2|88|197|1600.0|5296.0|1456.0|5296.0|1528.0|5295.5|64.0|64.0|64.0|QROCK3|QGRASS|1.0|1.0|0.0|0.0|14|grass|-|SG003824|-|1314|1|1|197|QGRASS|-|1.0|1.0|0.0|0.0|0.0|QROCK3|-|1.0|1.0|0.0|0.0|0.0|0.0|64.0|64.0|640.0|640.0|640.0|640.0
UTNTSkyEdge_tnt01gpt_527_0_terrain_1_0|527|0|2|88|195|1480.0|5488.0|1600.0|5488.0|1540.0|5487.5|64.0|64.0|64.0|QROCK3|QROCK3|1.0|1.0|0.0|0.0|14|rock|-|SG003821|-|1326|1|0|195|QGRASS|-|1.0|1.0|0.0|0.0|0.0|QROCK3|-|1.0|1.0|0.0|0.0|0.0|0.0|64.0|64.0|640.0|640.0|640.0|640.0
UTNTSkyEdge_tnt01gpt_527_0_terrain_1_1|527|0|2|88|195|1480.0|5488.0|1600.0|5488.0|1540.0|5488.5|64.0|64.0|64.0|QROCK3|QGRASS|1.0|1.0|0.0|0.0|14|grass|-|SG003825|-|1313|1|1|195|QGRASS|-|1.0|1.0|0.0|0.0|0.0|QROCK3|-|1.0|1.0|0.0|0.0|0.0|0.0|64.0|64.0|640.0|640.0|640.0|640.0
UTNTSkyEdge_tnt01gpt_528_0_terrain_1_0|528|0|2|88|195|1600.0|5488.0|1600.0|5712.0|1600.5|5600.0|64.0|64.0|64.0|QROCK3|QROCK3|1.0|1.0|0.0|0.0|14|rock|-|SG003821|-|1326|1|0|195|QGRASS|-|1.0|1.0|0.0|0.0|0.0|QROCK3|-|1.0|1.0|0.0|0.0|0.0|0.0|64.0|64.0|640.0|640.0|640.0|640.0
UTNTSkyEdge_tnt01gpt_528_0_terrain_1_1|528|0|2|88|195|1600.0|5488.0|1600.0|5712.0|1599.5|5600.0|64.0|64.0|64.0|QROCK3|QGRASS|1.0|1.0|0.0|0.0|14|grass|-|SG003826|-|1313|1|1|195|QGRASS|-|1.0|1.0|0.0|0.0|0.0|QROCK3|-|1.0|1.0|0.0|0.0|0.0|0.0|64.0|64.0|640.0|640.0|640.0|640.0
UTNTSkyEdge_tnt01gpt_529_0_terrain_1_0|529|0|2|88|195|1600.0|5712.0|1470.4|5712.0|1535.2|5712.5|64.0|64.0|64.0|QROCK3|QROCK3|1.0|1.0|0.0|0.0|14|rock|-|SG003821|-|1326|1|0|195|QGRASS|-|1.0|1.0|0.0|0.0|0.0|QROCK3|-|1.0|1.0|0.0|0.0|0.0|0.0|64.0|64.0|640.0|640.0|640.0|640.0
UTNTSkyEdge_tnt01gpt_529_0_terrain_1_1|529|0|2|88|195|1600.0|5712.0|1470.4|5712.0|1535.2|5711.5|64.0|64.0|64.0|QROCK3|QGRASS|1.0|1.0|0.0|0.0|14|grass|-|SG003827|-|1313|1|1|195|QGRASS|-|1.0|1.0|0.0|0.0|0.0|QROCK3|-|1.0|1.0|0.0|0.0|0.0|0.0|64.0|64.0|640.0|640.0|640.0|640.0
UTNTSkyEdge_tnt01gpt_550_0_terrain_1_0|550|0|2|88|193|3040.0|5712.0|2912.0|5712.0|2976.0|5712.5|64.0|64.0|64.0|QROCK3|QROCK3|1.0|1.0|0.0|0.0|7.0|rock|-|SG003821|-|1326|1|0|193|QGRASS|-|1.0|1.0|0.0|0.0|0.0|QROCK3|-|1.0|1.0|0.0|0.0|0.0|0.0|64.0|64.0|640.0|640.0|640.0|640.0
UTNTSkyEdge_tnt01gpt_550_0_terrain_1_1|550|0|2|88|193|3040.0|5712.0|2912.0|5712.0|2976.0|5711.5|64.0|64.0|64.0|QROCK3|QGRASS|1.0|1.0|0.0|0.0|7.0|grass|-|SG003828|-|1312|1|1|193|QGRASS|-|1.0|1.0|0.0|0.0|0.0|QROCK3|-|1.0|1.0|0.0|0.0|0.0|0.0|64.0|64.0|640.0|640.0|640.0|640.0
UTNTSkyEdge_tnt01gpt_551_0_terrain_1_0|551|0|2|88|193|2912.0|5712.0|2912.0|5488.0|2911.5|5600.0|64.0|64.0|64.0|QROCK3|QROCK3|1.0|1.0|0.0|0.0|14|rock|-|SG003821|-|1326|1|0|193|QGRASS|-|1.0|1.0|0.0|0.0|0.0|QROCK3|-|1.0|1.0|0.0|0.0|0.0|0.0|64.0|64.0|640.0|640.0|640.0|640.0
UTNTSkyEdge_tnt01gpt_551_0_terrain_1_1|551|0|2|88|193|2912.0|5712.0|2912.0|5488.0|2912.5|5600.0|64.0|64.0|64.0|QROCK3|QGRASS|1.0|1.0|0.0|0.0|14|grass|-|SG003829|-|1312|1|1|193|QGRASS|-|1.0|1.0|0.0|0.0|0.0|QROCK3|-|1.0|1.0|0.0|0.0|0.0|0.0|64.0|64.0|640.0|640.0|640.0|640.0
UTNTSkyEdge_tnt01gpt_552_0_terrain_1_0|552|0|2|88|193|2912.0|5488.0|3032.0|5488.0|2972.0|5487.5|64.0|64.0|64.0|QROCK3|QROCK3|1.0|1.0|0.0|0.0|14|rock|-|SG003821|-|1326|1|0|193|QGRASS|-|1.0|1.0|0.0|0.0|0.0|QROCK3|-|1.0|1.0|0.0|0.0|0.0|0.0|64.0|64.0|640.0|640.0|640.0|640.0
UTNTSkyEdge_tnt01gpt_552_0_terrain_1_1|552|0|2|88|193|2912.0|5488.0|3032.0|5488.0|2972.0|5488.5|64.0|64.0|64.0|QROCK3|QGRASS|1.0|1.0|0.0|0.0|14|grass|-|SG003830|-|1312|1|1|193|QGRASS|-|1.0|1.0|0.0|0.0|0.0|QROCK3|-|1.0|1.0|0.0|0.0|0.0|0.0|64.0|64.0|640.0|640.0|640.0|640.0
UTNTSkyEdge_tnt01gpt_556_0_terrain_1_0|556|0|2|88|191|3056.0|5296.0|2912.0|5296.0|2984.0|5296.5|64.0|64.0|64.0|QROCK3|QROCK3|1.0|1.0|0.0|0.0|14|rock|-|SG003821|-|1326|1|0|191|QGRASS|-|1.0|1.0|0.0|0.0|0.0|QROCK3|-|1.0|1.0|0.0|0.0|0.0|0.0|64.0|64.0|640.0|640.0|640.0|640.0
UTNTSkyEdge_tnt01gpt_556_0_terrain_1_1|556|0|2|88|191|3056.0|5296.0|2912.0|5296.0|2984.0|5295.5|64.0|64.0|64.0|QROCK3|QGRASS|1.0|1.0|0.0|0.0|14|grass|-|SG003831|-|1311|1|1|191|QGRASS|-|1.0|1.0|0.0|0.0|0.0|QROCK3|-|1.0|1.0|0.0|0.0|0.0|0.0|64.0|64.0|640.0|640.0|640.0|640.0
UTNTSkyEdge_tnt01gpt_557_0_terrain_1_0|557|0|2|88|191|2912.0|5296.0|2912.0|5072.0|2911.5|5184.0|64.0|64.0|64.0|QROCK3|QROCK3|1.0|1.0|0.0|0.0|14|rock|-|SG003821|-|1326|1|0|191|QGRASS|-|1.0|1.0|0.0|0.0|0.0|QROCK3|-|1.0|1.0|0.0|0.0|0.0|0.0|64.0|64.0|640.0|640.0|640.0|640.0
UTNTSkyEdge_tnt01gpt_557_0_terrain_1_1|557|0|2|88|191|2912.0|5296.0|2912.0|5072.0|2912.5|5184.0|64.0|64.0|64.0|QROCK3|QGRASS|1.0|1.0|0.0|0.0|14|grass|-|SG003832|-|1311|1|1|191|QGRASS|-|1.0|1.0|0.0|0.0|0.0|QROCK3|-|1.0|1.0|0.0|0.0|0.0|0.0|64.0|64.0|640.0|640.0|640.0|640.0
UTNTSkyEdge_tnt01gpt_558_0_terrain_1_0|558|0|2|88|191|2912.0|5072.0|3032.0|5072.0|2972.0|5071.5|64.0|64.0|64.0|QROCK3|QROCK3|1.0|1.0|0.0|0.0|14|rock|-|SG003821|-|1326|1|0|191|QGRASS|-|1.0|1.0|0.0|0.0|0.0|QROCK3|-|1.0|1.0|0.0|0.0|0.0|0.0|64.0|64.0|640.0|640.0|640.0|640.0
UTNTSkyEdge_tnt01gpt_558_0_terrain_1_1|558|0|2|88|191|2912.0|5072.0|3032.0|5072.0|2972.0|5072.5|64.0|64.0|64.0|QROCK3|QGRASS|1.0|1.0|0.0|0.0|14|grass|-|SG003833|-|1311|1|1|191|QGRASS|-|1.0|1.0|0.0|0.0|0.0|QROCK3|-|1.0|1.0|0.0|0.0|0.0|0.0|64.0|64.0|640.0|640.0|640.0|640.0
UTNTSkyEdge_tnt01gpt_678_1_terrain_1_0|678|1|2|120|117|435.6|1032.0|420.41106|1068.66871|428.4674685948482|1050.5256995441857|104.0|104.0|104.0|QROCK3|QROCK3|1.0|1.0|0.0|0.0|14|rock|-|SG003834|-|1320|1|0|117|QGRASS|-|1.0|1.0|0.0|0.0|0.0|QROCK3|-|1.0|1.0|0.0|0.0|72.0|72.0|104.0|104.0|640.0|640.0|640.0|640.0
UTNTSkyEdge_tnt01gpt_678_1_terrain_1_1|678|1|2|120|117|435.6|1032.0|420.41106|1068.66871|427.54359140515186|1050.1430104558142|104.0|104.0|104.0|QROCK3|QGRASS|1.0|1.0|0.0|0.0|14|grass|-|SG003835|-|1308|1|1|117|QGRASS|-|1.0|1.0|0.0|0.0|0.0|QROCK3|-|1.0|1.0|0.0|0.0|72.0|72.0|104.0|104.0|640.0|640.0|640.0|640.0
UTNTSkyEdge_tnt01gpt_679_1_terrain_1_0|679|1|2|120|117|413.457|978.543|435.6|1032.0|424.9904385881868|1005.0801554397325|104.0|104.0|104.0|QROCK3|QROCK3|1.0|1.0|0.0|0.0|14|rock|-|SG003834|-|1320|1|0|117|QGRASS|-|1.0|1.0|0.0|0.0|0.0|QROCK3|-|1.0|1.0|0.0|0.0|72.0|72.0|104.0|104.0|640.0|640.0|640.0|640.0
UTNTSkyEdge_tnt01gpt_679_1_terrain_1_1|679|1|2|120|117|413.457|978.543|435.6|1032.0|424.0665614118132|1005.4628445602676|104.0|104.0|104.0|QROCK3|QGRASS|1.0|1.0|0.0|0.0|14|grass|-|SG003836|-|1308|1|1|117|QGRASS|-|1.0|1.0|0.0|0.0|0.0|QROCK3|-|1.0|1.0|0.0|0.0|72.0|72.0|104.0|104.0|640.0|640.0|640.0|640.0
UTNTSkyEdge_tnt01gpt_680_1_terrain_1_0|680|1|2|120|117|360.0|956.4|413.457|978.543|386.9198445602675|967.0095614118131|104.0|104.0|104.0|QROCK3|QROCK3|1.0|1.0|0.0|0.0|14|rock|-|SG003834|-|1320|1|0|117|QGRASS|-|1.0|1.0|0.0|0.0|0.0|QROCK3|-|1.0|1.0|0.0|0.0|72.0|72.0|104.0|104.0|640.0|640.0|640.0|640.0
UTNTSkyEdge_tnt01gpt_680_1_terrain_1_1|680|1|2|120|117|360.0|956.4|413.457|978.543|386.5371554397325|967.9334385881868|104.0|104.0|104.0|QROCK3|QGRASS|1.0|1.0|0.0|0.0|14|grass|-|SG003837|-|1308|1|1|117|QGRASS|-|1.0|1.0|0.0|0.0|0.0|QROCK3|-|1.0|1.0|0.0|0.0|72.0|72.0|104.0|104.0|640.0|640.0|640.0|640.0
UTNTSkyEdge_tnt01gpt_681_1_terrain_1_0|681|1|2|120|117|306.543|978.543|360.0|956.4|333.0801554397325|967.0095614118131|104.0|104.0|104.0|QROCK3|QROCK3|1.0|1.0|0.0|0.0|14|rock|-|SG003834|-|1320|1|0|117|QGRASS|-|1.0|1.0|0.0|0.0|0.0|QROCK3|-|1.0|1.0|0.0|0.0|72.0|72.0|104.0|104.0|640.0|640.0|640.0|640.0
UTNTSkyEdge_tnt01gpt_681_1_terrain_1_1|681|1|2|120|117|306.543|978.543|360.0|956.4|333.4628445602675|967.9334385881868|104.0|104.0|104.0|QROCK3|QGRASS|1.0|1.0|0.0|0.0|14|grass|-|SG003838|-|1308|1|1|117|QGRASS|-|1.0|1.0|0.0|0.0|0.0|QROCK3|-|1.0|1.0|0.0|0.0|72.0|72.0|104.0|104.0|640.0|640.0|640.0|640.0
UTNTSkyEdge_tnt01gpt_1062_0_terrain_2_1|1062|0|1|191|191|3056.0|5296.0|3056.0|5168.0|3055.5|5232.0|64.0|64.0|64.0|QROCK3|QGRASS|1.0|1.0|0.0|0.0|14|grass|-|SG003839|-|1311|2|1|191|QGRASS|-|1.0|1.0|0.0|0.0|0.0|QROCK3|-|1.0|1.0|0.0|0.0|64.0|64.0|0|0|640.0|640.0|0|0
UTNTSkyEdge_tnt01gpt_1082_0_terrain_2_1|1082|0|1|197|197|1456.0|5168.0|1456.0|5296.0|1456.5|5232.0|64.0|64.0|64.0|QROCK3|QGRASS|1.0|1.0|0.0|0.0|14|grass|-|SG003840|-|1314|2|1|197|QGRASS|-|1.0|1.0|0.0|0.0|0.0|QROCK3|-|1.0|1.0|0.0|0.0|64.0|64.0|0|0|640.0|640.0|0|0
UTNTSkyEdge_tnt01gpt_1090_0_terrain_1_0|1090|0|2|199|200|283.64|863.64|227.12348|887.04942|255.57307830406157|875.8066511795878|64.0|64.0|64.0|QROCK3|QROCK3|1.0|1.0|0.0|0.0|14|rock|-|SG003841|-|1322|1|0|200|QGRASS|-|1.0|1.0|0.0|0.0|0.0|QROCK3|-|1.0|1.0|0.0|0.0|32.0|32.0|64.0|64.0|640.0|640.0|640.0|640.0
UTNTSkyEdge_tnt01gpt_1090_0_terrain_1_1|1090|0|2|199|200|283.64|863.64|227.12348|887.04942|255.1904016959384|874.8827688204124|64.0|64.0|64.0|QROCK3|QGRASS|1.0|1.0|0.0|0.0|14|grass|-|SG003842|-|1327|1|1|200|QGRASS|-|1.0|1.0|0.0|0.0|0.0|QROCK3|-|1.0|1.0|0.0|0.0|32.0|32.0|64.0|64.0|640.0|640.0|640.0|640.0
UTNTSkyEdge_tnt01gpt_1092_0_terrain_1_0|1092|0|2|199|200|141.77343|771.57582|156.36|736.36|148.60477384126432|753.7765716455963|64.0|64.0|64.0|QROCK3|QROCK3|1.0|1.0|0.0|0.0|3.5|rock|-|SG003841|-|1322|1|0|200|QGRASS|-|1.0|1.0|0.0|0.0|0.0|QROCK3|-|1.0|1.0|0.0|0.0|32.0|32.0|64.0|64.0|640.0|640.0|640.0|640.0
UTNTSkyEdge_tnt01gpt_1092_0_terrain_1_1|1092|0|2|199|200|141.77343|771.57582|156.36|736.36|149.52865615873566|754.1592483544039|64.0|64.0|64.0|QROCK3|QGRASS|1.0|1.0|0.0|0.0|3.5|grass|-|SG003843|-|1327|1|1|200|QGRASS|-|1.0|1.0|0.0|0.0|0.0|QROCK3|-|1.0|1.0|0.0|0.0|32.0|32.0|64.0|64.0|640.0|640.0|640.0|640.0
UTNTSkyEdge_tnt01gpt_1093_0_terrain_1_0|1093|0|2|199|200|156.36|736.36|220.0|710.0|187.98866169830634|722.7180588194316|64.0|64.0|64.0|QROCK3|QROCK3|1.0|1.0|0.0|0.0|14|rock|-|SG003841|-|1322|1|0|200|QGRASS|-|1.0|1.0|0.0|0.0|0.0|QROCK3|-|1.0|1.0|0.0|0.0|32.0|32.0|64.0|64.0|640.0|640.0|640.0|640.0
UTNTSkyEdge_tnt01gpt_1093_0_terrain_1_1|1093|0|2|199|200|156.36|736.36|220.0|710.0|188.37133830169367|723.6419411805686|64.0|64.0|64.0|QROCK3|QGRASS|1.0|1.0|0.0|0.0|14|grass|-|SG003844|-|1327|1|1|200|QGRASS|-|1.0|1.0|0.0|0.0|0.0|QROCK3|-|1.0|1.0|0.0|0.0|32.0|32.0|64.0|64.0|640.0|640.0|640.0|640.0
UTNTSkyEdge_tnt01gpt_1094_0_terrain_1_0|1094|0|2|199|200|220.0|710.0|283.64|736.36|252.01133830169366|722.7180588194316|64.0|64.0|64.0|QROCK3|QROCK3|1.0|1.0|0.0|0.0|14|rock|-|SG003841|-|1322|1|0|200|QGRASS|-|1.0|1.0|0.0|0.0|0.0|QROCK3|-|1.0|1.0|0.0|0.0|32.0|32.0|64.0|64.0|640.0|640.0|640.0|640.0
UTNTSkyEdge_tnt01gpt_1094_0_terrain_1_1|1094|0|2|199|200|220.0|710.0|283.64|736.36|251.62866169830633|723.6419411805686|64.0|64.0|64.0|QROCK3|QGRASS|1.0|1.0|0.0|0.0|14|grass|-|SG003845|-|1327|1|1|200|QGRASS|-|1.0|1.0|0.0|0.0|0.0|QROCK3|-|1.0|1.0|0.0|0.0|32.0|32.0|64.0|64.0|640.0|640.0|640.0|640.0
UTNTSkyEdge_tnt01gpt_1095_0_terrain_1_0|1095|0|2|199|200|283.64|736.36|310.0|800.0|297.2819411805685|767.9886616983064|64.0|64.0|64.0|QROCK3|QROCK3|1.0|1.0|0.0|0.0|14|rock|-|SG003841|-|1322|1|0|200|QGRASS|-|1.0|1.0|0.0|0.0|0.0|QROCK3|-|1.0|1.0|0.0|0.0|32.0|32.0|64.0|64.0|640.0|640.0|640.0|640.0
UTNTSkyEdge_tnt01gpt_1095_0_terrain_1_1|1095|0|2|199|200|283.64|736.36|310.0|800.0|296.3580588194315|768.3713383016938|64.0|64.0|64.0|QROCK3|QGRASS|1.0|1.0|0.0|0.0|14|grass|-|SG003846|-|1327|1|1|200|QGRASS|-|1.0|1.0|0.0|0.0|0.0|QROCK3|-|1.0|1.0|0.0|0.0|32.0|32.0|64.0|64.0|640.0|640.0|640.0|640.0
UTNTSkyEdge_tnt01gpt_1096_0_terrain_1_0|1096|0|2|199|200|310.0|800.0|283.64|863.64|297.2819411805685|832.0113383016936|64.0|64.0|64.0|QROCK3|QROCK3|1.0|1.0|0.0|0.0|14|rock|-|SG003841|-|1322|1|0|200|QGRASS|-|1.0|1.0|0.0|0.0|0.0|QROCK3|-|1.0|1.0|0.0|0.0|32.0|32.0|64.0|64.0|640.0|640.0|640.0|640.0
UTNTSkyEdge_tnt01gpt_1096_0_terrain_1_1|1096|0|2|199|200|310.0|800.0|283.64|863.64|296.3580588194315|831.6286616983062|64.0|64.0|64.0|QROCK3|QGRASS|1.0|1.0|0.0|0.0|14|grass|-|SG003847|-|1327|1|1|200|QGRASS|-|1.0|1.0|0.0|0.0|0.0|QROCK3|-|1.0|1.0|0.0|0.0|32.0|32.0|64.0|64.0|640.0|640.0|640.0|640.0
UTNTSkyEdge_tnt01gpt_1098_1_terrain_1_0|1098|1|2|452|201|304.0|1056.0|304.0|1020.0|303.5|1038.0|-32.0|-32.0|-32.0|QROCK3|QROCK3|1.0|1.0|0.0|0.0|11.2|rock|-|SG003848|-|1328|1|0|201|QGRASS|-|1.0|1.0|0.0|0.0|0.0|QROCK3|-|1.0|1.0|0.0|0.0|-48.0|-48.0|-32.0|-32.0|512.0|512.0|512.0|512.0
UTNTSkyEdge_tnt01gpt_1098_1_terrain_1_1|1098|1|2|452|201|304.0|1056.0|304.0|1020.0|304.5|1038.0|-32.0|-32.0|-32.0|QROCK3|QGRASS|1.0|1.0|0.0|0.0|11.2|grass|-|SG003849|-|1315|1|1|201|QGRASS|-|1.0|1.0|0.0|0.0|0.0|QROCK3|-|1.0|1.0|0.0|0.0|-48.0|-48.0|-32.0|-32.0|512.0|512.0|512.0|512.0
UTNTSkyEdge_tnt01gpt_1587_1_terrain_1_0|1587|1|2|452|448|176.0|1008.0|176.0|1056.0|176.5|1032.0|-32.0|-32.0|-32.0|QROCK3|QROCK3|1.0|1.0|0.0|0.0|2.56|rock|-|SG003848|-|1328|1|0|448|QGRASS|-|1.0|1.0|0.0|0.0|0.0|QROCK3|-|1.0|1.0|0.0|0.0|-48.0|-48.0|-32.0|-32.0|512.0|512.0|512.0|512.0
UTNTSkyEdge_tnt01gpt_1587_1_terrain_1_1|1587|1|2|452|448|176.0|1008.0|176.0|1056.0|175.5|1032.0|-32.0|-32.0|-32.0|QROCK3|QGRASS|1.0|1.0|0.0|0.0|2.56|grass|-|SG003850|-|1317|1|1|448|QGRASS|-|1.0|1.0|0.0|0.0|0.0|QROCK3|-|1.0|1.0|0.0|0.0|-48.0|-48.0|-32.0|-32.0|512.0|512.0|512.0|512.0
UTNTSkyEdge_tnt01gpt_1588_1_terrain_1_0|1588|1|2|452|448|256.0|1008.0|176.0|1008.0|216.0|1008.5|-32.0|-32.0|-32.0|QROCK3|QROCK3|1.0|1.0|0.0|0.0|2.56|rock|-|SG003848|-|1328|1|0|448|QGRASS|-|1.0|1.0|0.0|0.0|0.0|QROCK3|-|1.0|1.0|0.0|0.0|-48.0|-48.0|-32.0|-32.0|512.0|512.0|512.0|512.0
UTNTSkyEdge_tnt01gpt_1588_1_terrain_1_1|1588|1|2|452|448|256.0|1008.0|176.0|1008.0|216.0|1007.5|-32.0|-32.0|-32.0|QROCK3|QGRASS|1.0|1.0|0.0|0.0|2.56|grass|-|SG003851|-|1317|1|1|448|QGRASS|-|1.0|1.0|0.0|0.0|0.0|QROCK3|-|1.0|1.0|0.0|0.0|-48.0|-48.0|-32.0|-32.0|512.0|512.0|512.0|512.0
