UTNTSkyEdge_tnt04a_11_0|11|0|1|470|470|1024.0|7040.0|1280.0|6912.0|1151.7763932022501|6975.5527864045|448.0|448.0|448.0|QROCK3X8|QROCK3X8|1.0|1.0|458.385770251|64.0|22|rock|-|SG001343|-|401
UTNTSkyEdge_tnt04a_12_0|12|0|1|436|436|-128.0|7040.0|160.0|7104.0|16.108465228909328|7071.511906469908|448.0|448.0|448.0|QROCK3|QROCK3X8|1.0|1.0|491.54796404|64.0|22|rock|-|SG001344|-|402
UTNTSkyEdge_tnt04a_14_0|14|0|1|6|6|-768.0|7680.0|-712.0|7512.0|-740.4743416490253|7595.841886116991|448.0|448.0|448.0|QROCK3X8|QROCK3X8|1.0|1.0|43.486434371|64.0|22|rock|-|SG001345|-|403
UTNTSkyEdge_tnt04a_15_0|15|0|1|4|4|-768.0|8320.0|-832.0|8064.0|-800.4850712500727|8192.121267812518|480.0|512.0|448.0|QROCK3X8|QROCK3X8|1.0|1.0|670.310872392|192.0|14.399999999999999|rock|-|SG001346|-|404
UTNTSkyEdge_tnt04a_16_0|16|0|1|4|4|-1024.0|8320.0|-896.0|8576.0|-959.5527864045|8447.77639320225|544.0|512.0|576.0|QROCK3X8|QROCK3X8|1.0|1.0|752.411599083|192.0|14.399999999999999|rock|-|SG001346|-|404
UTNTSkyEdge_tnt04a_17_0|17|0|1|3|3|-1024.0|7680.0|-1080.0|8016.0|-1051.506803038084|7848.082199493652|448.0|448.0|448.0|QROCK3X8|QROCK3X8|1.0|1.0|99.236037104|192.0|15.6|rock|-|SG001347|-|405
UTNTSkyEdge_tnt04a_18_0|18|0|1|6|6|-1152.0|7424.0|-1024.0|7680.0|-1087.5527864045|7551.77639320225|448.0|448.0|448.0|QROCK3X8|QROCK3X8|1.0|1.0|69.019335984|64.0|22|rock|-|SG001345|-|403
UTNTSkyEdge_tnt04a_19_0|19|0|1|470|470|-1600.0|7296.0|-1584.0|7296.0|-1592.0|7295.5|448.0|448.0|448.0|QROCK3|QROCK3X8|1.0|1.0|618.14105188|64.0|22|rock|-|SG001343|-|401
UTNTSkyEdge_tnt04a_20_0|20|0|1|470|470|-1920.0|7040.0|-1728.0|7104.0|-1823.8418861169916|7071.5256583509745|448.0|448.0|448.0|QROCK3|QROCK3X8|1.0|1.0|185.0|64.0|22|rock|-|SG001343|-|401
UTNTSkyEdge_tnt04a_21_0|21|0|1|470|470|-2304.0|7040.0|-2240.0|7040.0|-2272.0|7039.5|448.0|448.0|448.0|QROCK3X8|QROCK3X8|1.0|1.0|1.228694888|64.0|22|rock|-|SG001343|-|401
UTNTSkyEdge_tnt04a_22_0|22|0|1|99|99|-2688.0|7136.0|-2304.0|7040.0|-2496.121267812518|7087.514928749927|448.0|448.0|448.0|QROCK3X8|QROCK3X8|1.0|1.0|1013.410554829|64.0|22|rock|-|SG001348|-|406
UTNTSkyEdge_tnt04a_23_0|23|0|1|99|99|-3264.0|7744.0|-2688.0|7136.0|-2976.362976341953|7439.656127676045|448.0|448.0|448.0|QROCK3X8|QROCK3X8|1.0|1.0|175.890405817|64.0|22|rock|-|SG001348|-|406
UTNTSkyEdge_tnt04a_27_0|27|0|1|98|98|2304.0|7296.0|2880.0|7680.0|2592.2773500981125|7487.5839748528315|448.0|448.0|448.0|QROCK3X8|QROCK3X8|1.0|1.0|868.087255829|64.0|22|rock|-|SG001349|-|407
UTNTSkyEdge_tnt04a_28_0|28|0|1|98|98|2048.0|6912.0|2304.0|7296.0|2176.416025147169|7103.722649901887|448.0|448.0|448.0|QROCK3X8|QROCK3X8|1.0|1.0|406.57669257|64.0|22|rock|-|SG001349|-|407
UTNTSkyEdge_tnt04a_29_0|29|0|1|98|98|1792.0|6784.0|2048.0|6912.0|1920.2236067977499|6847.5527864045|448.0|448.0|448.0|QROCK3X8|QROCK3X8|1.0|1.0|120.35999145|64.0|22|rock|-|SG001349|-|407
UTNTSkyEdge_tnt04a_30_0|30|0|1|470|470|1280.0|6912.0|1792.0|6784.0|1535.8787321874818|6847.514928749927|448.0|448.0|448.0|QROCK3X8|QROCK3X8|1.0|1.0|744.602471371|64.0|22|rock|-|SG001343|-|401
UTNTSkyEdge_tnt04a_31_0|31|0|1|98|98|2880.0|7680.0|3360.0|7744.0|3120.0660818600454|7711.504386049659|448.0|448.0|448.0|QROCK3X8|QROCK3X8|1.0|1.0|536.353100718|64.0|22|rock|-|SG001349|-|407
UTNTSkyEdge_tnt04a_34_0|34|0|1|99|99|-4416.0|7936.0|-3264.0|7744.0|-3840.0821994936528|7839.5068030380835|448.0|448.0|448.0|QROCK3X8|QROCK3X8|1.0|1.0|32.0|64.0|22|rock|-|SG001348|-|406
UTNTSkyEdge_tnt04a_49_0|49|0|1|4|4|-1088.0|8064.0|-1024.0|8320.0|-1055.5149287499273|8191.878732187482|480.0|448.0|512.0|QROCK3X8|QROCK3X8|1.0|1.0|488.532839043|192.0|14.399999999999999|rock|-|SG001346|-|404
UTNTSkyEdge_tnt04a_50_0|50|0|1|3|3|-832.0|8064.0|-824.0|8016.0|-828.493196961916|8039.917800506348|448.0|448.0|448.0|QROCK3X8|QROCK3X8|1.0|1.0|934.189632432|192.0|14.399999999999999|rock|-|SG001347|-|405
UTNTSkyEdge_tnt04a_51_0|51|0|1|4|4|-384.0|8384.0|-768.0|8320.0|-576.0821994936526|8352.493196961916|520.0|528.0|512.0|QROCK3X8|QROCK3X8|1.0|1.0|281.014070453|192.0|14.399999999999999|rock|-|SG001346|-|404
UTNTSkyEdge_tnt04a_52_0|52|0|1|5|5|-896.0|8576.0|-704.0|8640.0|-799.8418861169915|8607.525658350974|576.0|576.0|576.0|QROCK3X8|QROCK3X8|1.0|1.0|14.628300202|64.0|14.399999999999999|rock|-|SG001350|-|408
UTNTSkyEdge_tnt04a_53_0|53|0|1|5|5|-704.0|8640.0|-384.0|8640.0|-544.0|8639.5|576.0|576.0|576.0|QROCK3X8|QROCK3X8|1.0|1.0|217.014070453|64.0|14.399999999999999|rock|-|SG001350|-|408
UTNTSkyEdge_tnt04a_54_0|54|0|1|5|5|-384.0|8640.0|-384.0|8576.0|-384.5|8608.0|576.0|576.0|576.0|QROCK3X8|QROCK3X8|1.0|1.0|537.014070453|64.0|14.399999999999999|rock|-|SG001350|-|408
UTNTSkyEdge_tnt04a_56_0|56|0|1|4|4|-384.0|8576.0|-384.0|8384.0|-384.5|8480.0|552.0|576.0|528.0|QROCK3X8|QROCK3X8|1.0|1.0|89.014070453|192.0|14.399999999999999|rock|-|SG001346|-|404
UTNTSkyEdge_tnt04a_59_0|59|0|1|7|7|-2560.0|9664.0|-2496.0|9664.0|-2528.0|9663.5|128.0|128.0|128.0|QROCK3|QROCK3X8|1.0|1.0|64.0|0.0|9.6|rock|-|SG001351|-|409
UTNTSkyEdge_tnt04a_60_0|60|0|1|7|7|-2496.0|9664.0|-2496.0|9600.0|-2496.5|9632.0|128.0|128.0|128.0|QROCK3|QROCK3X8|1.0|1.0|128.0|0.0|9.6|rock|-|SG001351|-|409
UTNTSkyEdge_tnt04a_61_0|61|0|1|7|7|-2496.0|9600.0|-2560.0|9600.0|-2528.0|9600.5|128.0|128.0|128.0|QROCK3|QROCK3X8|1.0|1.0|192.0|0.0|9.6|rock|-|SG001351|-|409
UTNTSkyEdge_tnt04a_62_0|62|0|1|7|7|-2560.0|9600.0|-2560.0|9664.0|-2559.5|9632.0|128.0|128.0|128.0|QROCK3|QROCK3X8|1.0|1.0|0.0|0.0|9.6|rock|-|SG001351|-|409
UTNTSkyEdge_tnt04a_63_0|63|0|1|8|8|-2560.0|9776.0|-2496.0|9776.0|-2528.0|9775.5|128.0|128.0|128.0|QROCK3|QROCK3X8|1.0|1.0|64.0|0.0|9.6|rock|-|SG001352|-|410
UTNTSkyEdge_tnt04a_64_0|64|0|1|8|8|-2496.0|9776.0|-2496.0|9712.0|-2496.5|9744.0|128.0|128.0|128.0|QROCK3|QROCK3X8|1.0|1.0|128.0|0.0|9.6|rock|-|SG001352|-|410
UTNTSkyEdge_tnt04a_65_0|65|0|1|8|8|-2496.0|9712.0|-2560.0|9712.0|-2528.0|9712.5|128.0|128.0|128.0|QROCK3|QROCK3X8|1.0|1.0|192.0|0.0|9.6|rock|-|SG001352|-|410
UTNTSkyEdge_tnt04a_66_0|66|0|1|8|8|-2560.0|9712.0|-2560.0|9776.0|-2559.5|9744.0|128.0|128.0|128.0|QROCK3|QROCK3X8|1.0|1.0|0.0|0.0|9.6|rock|-|SG001352|-|410
UTNTSkyEdge_tnt04a_448_0|448|0|1|470|470|832.0|7104.0|1024.0|7040.0|927.8418861169915|7071.5256583509745|448.0|448.0|448.0|QROCK3X8|QROCK3X8|1.0|1.0|256.0|64.0|22|rock|-|SG001343|-|401
UTNTSkyEdge_tnt04a_533_0|533|0|1|3|3|-1080.0|8016.0|-1088.0|8064.0|-1083.506803038084|8040.082199493652|448.0|448.0|448.0|QROCK3X8|QROCK3X8|1.0|1.0|439.870738801|192.0|14.399999999999999|rock|-|SG001347|-|405
UTNTSkyEdge_tnt04a_534_0|534|0|1|3|3|-824.0|8016.0|-768.0|7680.0|-796.493196961916|7847.917800506348|448.0|448.0|448.0|QROCK3X8|QROCK3X8|1.0|1.0|982.851732674|192.0|15.6|rock|-|SG001347|-|405
UTNTSkyEdge_tnt04a_1476_0|1476|0|0|417|417|-544.0|7272.0|-512.0|7232.0|-528.3904344047215|7251.687652476223|448.0|448.0|448.0|QROCK3|QROCK3X8|1.0|1.0|154.498061986|-800.0|22|rock|-|SG001353|-|411
UTNTSkyEdge_tnt04a_1787_0|1787|0|0|435|435|-512.0|7232.0|-480.0|7216.0|-496.22360679775|7223.5527864045|448.0|448.0|448.0|QROCK3|QROCK3X8|1.0|1.0|77.0|-800.0|22|rock|-|SG001354|-|412
UTNTSkyEdge_tnt04a_1790_0|1790|0|0|417|417|-608.0|7280.0|-544.0|7272.0|-576.0620173672946|7275.503861061643|448.0|448.0|448.0|QROCK3|QROCK3X8|1.0|1.0|90.0|-800.0|22|rock|-|SG001353|-|411
UTNTSkyEdge_tnt04a_1796_0|1796|0|0|435|435|-640.0|7296.0|-608.0|7280.0|-624.22360679775|7287.5527864045|448.0|448.0|448.0|QROCK3|QROCK3X8|1.0|1.0|54.0|-800.0|22|rock|-|SG001354|-|412
UTNTSkyEdge_tnt04a_1798_0|1798|0|1|436|436|-480.0|7216.0|-128.0|7040.0|-304.22360679775|7127.5527864045|448.0|448.0|448.0|QROCK3|QROCK3X8|1.0|1.0|98.0|64.0|22|rock|-|SG001344|-|402
UTNTSkyEdge_tnt04a_1810_0|1810|0|0|6|6|-712.0|7512.0|-640.0|7296.0|-676.4743416490253|7403.841886116991|448.0|448.0|448.0|QROCK3|QROCK3X8|1.0|1.0|82.0|-800.0|22|rock|-|SG001345|-|403
UTNTSkyEdge_tnt04a_1937_0|1937|0|1|436|436|-1280.0|7296.0|-1152.0|7424.0|-1215.6464466094067|7359.646446609407|448.0|448.0|448.0|QROCK3X8|QROCK3X8|1.0|1.0|16.0|64.0|22|rock|-|SG001344|-|402
UTNTSkyEdge_tnt04a_1938_0|1938|0|1|470|470|-1728.0|7104.0|-1600.0|7296.0|-1663.583974852831|7199.722649901887|448.0|448.0|448.0|QROCK3|QROCK3X8|1.0|1.0|387.385770251|64.0|22|rock|-|SG001343|-|401
UTNTSkyEdge_tnt04a_1940_0|1940|0|1|436|436|-1344.0|7296.0|-1328.0|7296.0|-1336.0|7295.5|448.0|448.0|448.0|QROCK3|QROCK3X8|1.0|1.0|69.0|64.0|22|rock|-|SG001344|-|402
UTNTSkyEdge_tnt04a_1943_0|1943|0|0|313|313|-1536.0|7296.0|-1504.0|7296.0|-1520.0|7295.5|448.0|448.0|448.0|QROCK3|QROCK3X8|1.0|1.0|42.0|64.0|22|rock|-|SG001355|-|413
UTNTSkyEdge_tnt04a_1954_0|1954|0|1|470|470|576.0|7104.0|832.0|7104.0|704.0|7103.5|448.0|448.0|448.0|QROCK3X8|QROCK3X8|1.0|1.0|0.0|64.0|22|rock|-|SG001343|-|401
UTNTSkyEdge_tnt04a_1955_0|1955|0|0|436|436|160.0|7104.0|208.0|7072.0|183.7226499018874|7087.5839748528315|448.0|448.0|448.0|QROCK3|QROCK3X8|1.0|1.0|19.0|-864.0|22|rock|-|SG001344|-|402
UTNTSkyEdge_tnt04a_1956_0|1956|0|0|470|470|480.0|7056.0|576.0|7104.0|528.22360679775|7079.5527864045|448.0|448.0|448.0|QROCK3|QROCK3X8|1.0|1.0|349.825905397|-864.0|22|rock|-|SG001343|-|401
UTNTSkyEdge_tnt04a_1968_0|1968|0|0|313|313|368.0|7072.0|480.0|7056.0|423.92928932188136|7063.505025253169|448.0|448.0|448.0|QROCK3|QROCK3X8|1.0|1.0|236.688820407|-864.0|22|rock|-|SG001355|-|413
UTNTSkyEdge_tnt04a_1969_0|1969|0|0|436|436|208.0|7072.0|288.0|7072.0|248.0|7071.5|448.0|448.0|448.0|QROCK3|QROCK3X8|1.0|1.0|76.688820407|-864.0|22|rock|-|SG001344|-|402
UTNTSkyEdge_tnt04a_1989_0|1989|0|1|98|98|3360.0|7744.0|3680.0|8032.0|3520.3344823658113|7887.628352926877|448.0|448.0|448.0|QROCK3X8|QROCK3X8|1.0|1.0|1020.600971132|64.0|22|rock|-|SG001349|-|407
UTNTSkyEdge_tnt04a_2148_0|2148|0|0|436|436|-1328.0|7296.0|-1296.0|7296.0|-1312.0|7295.5|448.0|448.0|448.0|QROCK3|QROCK3X8|1.0|1.0|85.0|64.0|22|rock|-|SG001344|-|402
UTNTSkyEdge_tnt04a_2150_0|2150|0|1|436|436|-1296.0|7296.0|-1280.0|7296.0|-1288.0|7295.5|448.0|448.0|448.0|QROCK3X8|QROCK3X8|1.0|1.0|0.0|64.0|22|rock|-|SG001344|-|402
UTNTSkyEdge_tnt04a_2152_0|2152|0|1|470|470|-1552.0|7296.0|-1536.0|7296.0|-1544.0|7295.5|448.0|448.0|448.0|QROCK3|QROCK3X8|1.0|1.0|26.0|64.0|22|rock|-|SG001343|-|401
UTNTSkyEdge_tnt04a_2153_0|2153|0|0|470|470|-1584.0|7296.0|-1552.0|7296.0|-1568.0|7295.5|448.0|448.0|448.0|QROCK3|QROCK3X8|1.0|1.0|122.0|64.0|22|rock|-|SG001343|-|401
UTNTSkyEdge_tnt04a_2163_0|2163|0|0|313|313|288.0|7072.0|368.0|7072.0|328.0|7071.5|448.0|448.0|448.0|QROCK3|QROCK3X8|1.0|1.0|156.688820407|-864.0|22|rock|-|SG001355|-|413
UTNTSkyEdge_tnt04a_2266_0|2266|0|0|470|470|-2240.0|7040.0|-2176.0|7040.0|-2208.0|7039.5|448.0|448.0|448.0|QROCK3|QROCK3X8|1.0|1.0|121.0|64.0|22|rock|-|SG001343|-|401
UTNTSkyEdge_tnt04a_2269_0|2269|0|1|470|470|-1984.0|7040.0|-1920.0|7040.0|-1952.0|7039.5|448.0|448.0|448.0|QROCK3|QROCK3X8|1.0|1.0|121.0|64.0|22|rock|-|SG001343|-|401
UTNTSkyEdge_tnt04a_2271_0|2271|0|0|470|470|-2176.0|7040.0|-2112.0|7040.0|-2144.0|7039.5|448.0|448.0|448.0|QROCK3|QROCK3X8|1.0|1.0|57.0|64.0|17.28|rock|-|SG001343|-|401
UTNTSkyEdge_tnt04a_2274_0|2274|0|0|470|470|-2048.0|7040.0|-1984.0|7040.0|-2016.0|7039.5|448.0|448.0|448.0|QROCK3|QROCK3X8|1.0|1.0|57.0|64.0|22|rock|-|SG001343|-|401
UTNTSkyEdge_tnt04a_2277_0|2277|0|0|470|470|-2112.0|7040.0|-2048.0|7040.0|-2080.0|7039.5|448.0|448.0|448.0|QROCK3|QROCK3X8|1.0|1.0|121.0|64.0|22|rock|-|SG001343|-|401
UTNTSkyEdge_tnt04a_2449_0|2449|0|0|313|313|-1504.0|7296.0|-1472.0|7296.0|-1488.0|7295.5|448.0|448.0|448.0|QROCK3|QROCK3X8|1.0|1.0|74.0|64.0|22|rock|-|SG001355|-|413
UTNTSkyEdge_tnt04a_2452_0|2452|0|0|313|313|-1472.0|7296.0|-1440.0|7296.0|-1456.0|7295.5|448.0|448.0|448.0|QROCK3|QROCK3X8|1.0|1.0|106.0|64.0|22|rock|-|SG001355|-|413
UTNTSkyEdge_tnt04a_2455_0|2455|0|0|313|313|-1440.0|7296.0|-1408.0|7296.0|-1424.0|7295.5|448.0|448.0|448.0|QROCK3|QROCK3X8|1.0|1.0|10.0|64.0|22|rock|-|SG001355|-|413
UTNTSkyEdge_tnt04a_2458_0|2458|0|0|313|313|-1408.0|7296.0|-1376.0|7296.0|-1392.0|7295.5|448.0|448.0|448.0|QROCK3|QROCK3X8|1.0|1.0|42.0|64.0|22|rock|-|SG001355|-|413
UTNTSkyEdge_tnt04a_2460_0|2460|0|0|313|313|-1376.0|7296.0|-1344.0|7296.0|-1360.0|7295.5|448.0|448.0|448.0|QROCK3|QROCK3X8|1.0|1.0|74.0|64.0|22|rock|-|SG001355|-|413
UTNTSkyEdge_tnt04a_11_0_terrain_2_1|11|0|1|470|470|1024.0|7040.0|1280.0|6912.0|1151.7763932022501|6975.5527864045|96.0|96.0|96.0|QROCK3X8|XA04TEX|1.0|1.0|0.0|0.0|14|gravel|-|SG001356|-|401|2|1|470|XA04TEX|-|1.0|1.0|0.0|0.0|0.0|QROCK3X8|-|1.0|1.0|458.385770251|64.0|96.0|96.0|0|0|448.0|448.0|0|0
UTNTSkyEdge_tnt04a_12_0_terrain_2_1|12|0|1|436|436|-128.0|7040.0|160.0|7104.0|16.108465228909328|7071.511906469908|96.0|96.0|96.0|QROCK3|XA04TEX|1.0|1.0|0.0|0.0|14|gravel|-|SG001357|-|402|2|1|436|XA04TEX|-|1.0|1.0|0.0|0.0|0.0|QROCK3X8|-|1.0|1.0|491.54796404|64.0|96.0|96.0|0|0|448.0|448.0|0|0
UTNTSkyEdge_tnt04a_15_0_terrain_2_1|15|0|1|4|4|-768.0|8320.0|-832.0|8064.0|-800.4850712500727|8192.121267812518|288.0|320.0|256.0|QROCK3X8|XA04TEX|1.0|1.0|0.0|0.0|14|gravel|-|SG001358|-|404|2|1|4|XA04TEX|-|1.0|1.0|0.0|0.0|0.0|QROCK3X8|-|1.0|1.0|670.310872392|192.0|320.0|256.0|0|0|512.0|448.0|0|0
UTNTSkyEdge_tnt04a_16_0_terrain_2_1|16|0|1|4|4|-1024.0|8320.0|-896.0|8576.0|-959.5527864045|8447.77639320225|352.0|320.0|384.0|QROCK3X8|XA04TEX|1.0|1.0|0.0|0.0|14|gravel|-|SG001359|-|404|2|1|4|XA04TEX|-|1.0|1.0|0.0|0.0|0.0|QROCK3X8|-|1.0|1.0|752.411599083|192.0|320.0|384.0|0|0|512.0|576.0|0|0
UTNTSkyEdge_tnt04a_17_0_terrain_2_1|17|0|1|3|3|-1024.0|7680.0|-1080.0|8016.0|-1051.506803038084|7848.082199493652|184.0|128.0|240.0|QROCK3X8|XA04TEX|1.0|1.0|0.0|0.0|14|gravel|-|SG001360|-|405|2|1|3|XA04TEX|-|1.0|1.0|0.0|0.0|0.0|QROCK3X8|-|1.0|1.0|99.236037104|192.0|128.0|240.0|0|0|448.0|448.0|0|0
UTNTSkyEdge_tnt04a_18_0_terrain_2_1|18|0|1|6|6|-1152.0|7424.0|-1024.0|7680.0|-1087.5527864045|7551.77639320225|109.0909090909091|96.0|122.18181818181819|QROCK3X8|XA04TEX|1.0|1.0|0.0|0.0|14|gravel|-|SG001361|-|403|2|1|6|XA04TEX|-|1.0|1.0|0.0|0.0|0.0|QROCK3X8|-|1.0|1.0|69.019335984|64.0|96.0|122.18181818181819|0|0|448.0|448.0|0|0
UTNTSkyEdge_tnt04a_20_0_terrain_2_1|20|0|1|470|470|-1920.0|7040.0|-1728.0|7104.0|-1823.8418861169916|7071.5256583509745|96.0|96.0|96.0|QROCK3|XA04TEX|1.0|1.0|0.0|0.0|14|gravel|-|SG001362|-|401|2|1|470|XA04TEX|-|1.0|1.0|0.0|0.0|0.0|QROCK3X8|-|1.0|1.0|185.0|64.0|96.0|96.0|0|0|448.0|448.0|0|0
UTNTSkyEdge_tnt04a_22_0_terrain_2_1|22|0|1|99|99|-2688.0|7136.0|-2304.0|7040.0|-2496.121267812518|7087.514928749927|-384.0|-384.0|-384.0|QROCK3X8|XA04TEX|1.0|1.0|0.0|0.0|14|gravel|-|SG001363|-|406|2|1|99|XA04TEX|-|1.0|1.0|0.0|0.0|0.0|QROCK3X8|-|1.0|1.0|1013.410554829|64.0|-384.0|-384.0|0|0|448.0|448.0|0|0
UTNTSkyEdge_tnt04a_23_0_terrain_2_1|23|0|1|99|99|-3264.0|7744.0|-2688.0|7136.0|-2976.362976341953|7439.656127676045|-384.0|-384.0|-384.0|QROCK3X8|XA04TEX|1.0|1.0|0.0|0.0|14|gravel|-|SG001364|-|406|2|1|99|XA04TEX|-|1.0|1.0|0.0|0.0|0.0|QROCK3X8|-|1.0|1.0|175.890405817|64.0|-384.0|-384.0|0|0|448.0|448.0|0|0
UTNTSkyEdge_tnt04a_27_0_terrain_2_1|27|0|1|98|98|2304.0|7296.0|2880.0|7680.0|2592.2773500981125|7487.5839748528315|-384.0|-384.0|-384.0|QROCK3X8|XA04TEX|1.0|1.0|0.0|0.0|14|gravel|-|SG001365|-|407|2|1|98|XA04TEX|-|1.0|1.0|0.0|0.0|0.0|QROCK3X8|-|1.0|1.0|868.087255829|64.0|-384.0|-384.0|0|0|448.0|448.0|0|0
UTNTSkyEdge_tnt04a_28_0_terrain_2_1|28|0|1|98|98|2048.0|6912.0|2304.0|7296.0|2176.416025147169|7103.722649901887|-384.0|-384.0|-384.0|QROCK3X8|XA04TEX|1.0|1.0|0.0|0.0|14|gravel|-|SG001366|-|407|2|1|98|XA04TEX|-|1.0|1.0|0.0|0.0|0.0|QROCK3X8|-|1.0|1.0|406.57669257|64.0|-384.0|-384.0|0|0|448.0|448.0|0|0
UTNTSkyEdge_tnt04a_29_0_terrain_2_1|29|0|1|98|98|1792.0|6784.0|2048.0|6912.0|1920.2236067977499|6847.5527864045|-384.0|-384.0|-384.0|QROCK3X8|XA04TEX|1.0|1.0|0.0|0.0|5|gravel|-|SG001367|-|407|2|1|98|XA04TEX|-|1.0|1.0|0.0|0.0|0.0|QROCK3X8|-|1.0|1.0|120.35999145|64.0|-384.0|-384.0|0|0|448.0|448.0|0|0
UTNTSkyEdge_tnt04a_31_0_terrain_2_1|31|0|1|98|98|2880.0|7680.0|3360.0|7744.0|3120.0660818600454|7711.504386049659|-384.0|-384.0|-384.0|QROCK3X8|XA04TEX|1.0|1.0|0.0|0.0|14|gravel|-|SG001368|-|407|2|1|98|XA04TEX|-|1.0|1.0|0.0|0.0|0.0|QROCK3X8|-|1.0|1.0|536.353100718|64.0|-384.0|-384.0|0|0|448.0|448.0|0|0
UTNTSkyEdge_tnt04a_34_0_terrain_2_1|34|0|1|99|99|-4416.0|7936.0|-3264.0|7744.0|-3840.0821994936528|7839.5068030380835|-384.0|-384.0|-384.0|QROCK3X8|XA04TEX|1.0|1.0|0.0|0.0|14|gravel|-|SG001369|-|406|2|1|99|XA04TEX|-|1.0|1.0|0.0|0.0|0.0|QROCK3X8|-|1.0|1.0|32.0|64.0|-384.0|-384.0|0|0|448.0|448.0|0|0
UTNTSkyEdge_tnt04a_35_0_terrain_1_0|35|0|2|1|470|-2304.0|7040.0|-2240.0|6912.0|-2272.4472135954998|6975.77639320225|96.0|96.0|96.0|QROCK3|QROCK3X8|1.0|1.0|57.0|32.0|8|rock|-|SG001370|-|414|1|0|470|XA04TEX|-|1.0|1.0|0.0|0.0|0.0|QROCK3X8|-|1.0|1.0|57.0|32.0|-384.0|-384.0|96.0|96.0|648.0|648.0|448.0|448.0
UTNTSkyEdge_tnt04a_35_0_terrain_1_1|35|0|2|1|470|-2304.0|7040.0|-2240.0|6912.0|-2271.5527864045002|6976.22360679775|96.0|96.0|96.0|QROCK3|XA04TEX|1.0|1.0|0.0|0.0|8|gravel|-|SG001371|-|401|1|1|470|XA04TEX|-|1.0|1.0|0.0|0.0|0.0|QROCK3X8|-|1.0|1.0|57.0|32.0|-384.0|-384.0|96.0|96.0|648.0|648.0|448.0|448.0
UTNTSkyEdge_tnt04a_35_0_terrain_2_1|35|0|2|1|1|-2304.0|7040.0|-2240.0|6912.0|-2272.4472135954998|6975.77639320225|-384.0|-384.0|-384.0|QROCK3|XA04TEX|1.0|1.0|0.0|0.0|14|gravel|-|SG001372|-|414|2|1|1|XA04TEX|-|1.0|1.0|0.0|0.0|0.0|QROCK3X8|-|1.0|1.0|57.0|32.0|-384.0|-384.0|96.0|96.0|648.0|648.0|448.0|448.0
UTNTSkyEdge_tnt04a_36_0_terrain_1_0|36|0|2|1|470|1920.0|6592.0|1792.0|6784.0|1856.416025147169|6688.277350098113|96.0|96.0|96.0|QROCK3|QROCK3X8|1.0|1.0|346.40811985|32.0|8|rock|-|SG001370|-|414|1|0|470|XA04TEX|-|1.0|1.0|0.0|0.0|0.0|QROCK3X8|-|1.0|1.0|346.40811985|32.0|-384.0|-384.0|96.0|96.0|648.0|648.0|448.0|448.0
UTNTSkyEdge_tnt04a_36_0_terrain_1_1|36|0|2|1|470|1920.0|6592.0|1792.0|6784.0|1855.583974852831|6687.722649901887|96.0|96.0|96.0|QROCK3|XA04TEX|1.0|1.0|0.0|0.0|8|gravel|-|SG001371|-|401|1|1|470|XA04TEX|-|1.0|1.0|0.0|0.0|0.0|QROCK3X8|-|1.0|1.0|346.40811985|32.0|-384.0|-384.0|96.0|96.0|648.0|648.0|448.0|448.0
UTNTSkyEdge_tnt04a_36_0_terrain_2_1|36|0|2|1|1|1920.0|6592.0|1792.0|6784.0|1856.416025147169|6688.277350098113|-384.0|-384.0|-384.0|QROCK3|XA04TEX|1.0|1.0|0.0|0.0|14|gravel|-|SG001373|-|414|2|1|1|XA04TEX|-|1.0|1.0|0.0|0.0|0.0|QROCK3X8|-|1.0|1.0|346.40811985|32.0|-384.0|-384.0|96.0|96.0|648.0|648.0|448.0|448.0
UTNTSkyEdge_tnt04a_37_0_terrain_1_0|37|0|2|1|470|-1984.0|6720.0|-1568.0|6592.0|-1776.1470429244187|6655.522110495639|96.0|96.0|96.0|QROCK3|QROCK3X8|1.0|1.0|520.10835056|32.0|8|rock|-|SG001370|-|414|1|0|470|XA04TEX|-|1.0|1.0|0.0|0.0|0.0|QROCK3X8|-|1.0|1.0|520.10835056|32.0|-384.0|-384.0|96.0|96.0|648.0|648.0|448.0|448.0
UTNTSkyEdge_tnt04a_37_0_terrain_1_1|37|0|2|1|470|-1984.0|6720.0|-1568.0|6592.0|-1775.8529570755813|6656.477889504361|96.0|96.0|96.0|QROCK3|XA04TEX|1.0|1.0|0.0|0.0|8|gravel|-|SG001371|-|401|1|1|470|XA04TEX|-|1.0|1.0|0.0|0.0|0.0|QROCK3X8|-|1.0|1.0|520.10835056|32.0|-384.0|-384.0|96.0|96.0|648.0|648.0|448.0|448.0
UTNTSkyEdge_tnt04a_37_0_terrain_2_1|37|0|2|1|1|-1984.0|6720.0|-1568.0|6592.0|-1776.1470429244187|6655.522110495639|-384.0|-384.0|-384.0|QROCK3|XA04TEX|1.0|1.0|0.0|0.0|14|gravel|-|SG001374|-|414|2|1|1|XA04TEX|-|1.0|1.0|0.0|0.0|0.0|QROCK3X8|-|1.0|1.0|520.10835056|32.0|-384.0|-384.0|96.0|96.0|648.0|648.0|448.0|448.0
UTNTSkyEdge_tnt04a_38_0_terrain_1_0|38|0|2|1|470|-2240.0|6912.0|-1984.0|6720.0|-2112.3|6815.6|96.0|96.0|96.0|QROCK3|QROCK3X8|1.0|1.0|200.10835056|32.0|8|rock|-|SG001370|-|414|1|0|470|XA04TEX|-|1.0|1.0|0.0|0.0|0.0|QROCK3X8|-|1.0|1.0|200.10835056|32.0|-384.0|-384.0|96.0|96.0|648.0|648.0|448.0|448.0
UTNTSkyEdge_tnt04a_38_0_terrain_1_1|38|0|2|1|470|-2240.0|6912.0|-1984.0|6720.0|-2111.7|6816.4|96.0|96.0|96.0|QROCK3|XA04TEX|1.0|1.0|0.0|0.0|8|gravel|-|SG001371|-|401|1|1|470|XA04TEX|-|1.0|1.0|0.0|0.0|0.0|QROCK3X8|-|1.0|1.0|200.10835056|32.0|-384.0|-384.0|96.0|96.0|648.0|648.0|448.0|448.0
UTNTSkyEdge_tnt04a_40_0_terrain_1_0|40|0|2|1|470|-1184.0|6592.0|-896.0|6784.0|-1039.7226499018873|6687.5839748528315|96.0|96.0|96.0|QROCK3|QROCK3X8|1.0|1.0|0.0|32.0|8|rock|-|SG001370|-|414|1|0|470|XA04TEX|-|1.0|1.0|0.0|0.0|0.0|QROCK3X8|-|1.0|1.0|0.0|32.0|-384.0|-384.0|96.0|96.0|648.0|648.0|448.0|448.0
UTNTSkyEdge_tnt04a_40_0_terrain_1_1|40|0|2|1|470|-1184.0|6592.0|-896.0|6784.0|-1040.2773500981127|6688.4160251471685|96.0|96.0|96.0|QROCK3|XA04TEX|1.0|1.0|0.0|0.0|8|gravel|-|SG001371|-|401|1|1|470|XA04TEX|-|1.0|1.0|0.0|0.0|0.0|QROCK3X8|-|1.0|1.0|0.0|32.0|-384.0|-384.0|96.0|96.0|648.0|648.0|448.0|448.0
UTNTSkyEdge_tnt04a_40_0_terrain_2_1|40|0|2|1|1|-1184.0|6592.0|-896.0|6784.0|-1039.7226499018873|6687.5839748528315|-384.0|-384.0|-384.0|QROCK3|XA04TEX|1.0|1.0|0.0|0.0|14|gravel|-|SG001375|-|414|2|1|1|XA04TEX|-|1.0|1.0|0.0|0.0|0.0|QROCK3X8|-|1.0|1.0|0.0|32.0|-384.0|-384.0|96.0|96.0|648.0|648.0|448.0|448.0
UTNTSkyEdge_tnt04a_41_0_terrain_1_0|41|0|2|1|470|-896.0|6784.0|-448.0|6720.0|-672.0707106781186|6751.505025253169|96.0|96.0|96.0|QROCK3|QROCK3X8|1.0|1.0|346.132922445|32.0|8|rock|-|SG001370|-|414|1|0|470|XA04TEX|-|1.0|1.0|0.0|0.0|0.0|QROCK3X8|-|1.0|1.0|346.132922445|32.0|-384.0|-384.0|96.0|96.0|648.0|648.0|448.0|448.0
UTNTSkyEdge_tnt04a_41_0_terrain_1_1|41|0|2|1|470|-896.0|6784.0|-448.0|6720.0|-671.9292893218814|6752.494974746831|96.0|96.0|96.0|QROCK3|XA04TEX|1.0|1.0|0.0|0.0|8|gravel|-|SG001371|-|401|1|1|470|XA04TEX|-|1.0|1.0|0.0|0.0|0.0|QROCK3X8|-|1.0|1.0|346.132922445|32.0|-384.0|-384.0|96.0|96.0|648.0|648.0|448.0|448.0
UTNTSkyEdge_tnt04a_41_0_terrain_2_1|41|0|2|1|1|-896.0|6784.0|-448.0|6720.0|-672.0707106781186|6751.505025253169|-384.0|-384.0|-384.0|QROCK3|XA04TEX|1.0|1.0|0.0|0.0|14|gravel|-|SG001376|-|414|2|1|1|XA04TEX|-|1.0|1.0|0.0|0.0|0.0|QROCK3X8|-|1.0|1.0|346.132922445|32.0|-384.0|-384.0|96.0|96.0|648.0|648.0|448.0|448.0
UTNTSkyEdge_tnt04a_42_0_terrain_1_0|42|0|2|1|470|-448.0|6720.0|-64.0|6592.0|-256.1581138830084|6655.5256583509745|96.0|96.0|96.0|QROCK3|QROCK3X8|1.0|1.0|798.681262404|32.0|8|rock|-|SG001370|-|414|1|0|470|XA04TEX|-|1.0|1.0|0.0|0.0|0.0|QROCK3X8|-|1.0|1.0|798.681262404|32.0|-384.0|-384.0|96.0|96.0|648.0|648.0|448.0|448.0
UTNTSkyEdge_tnt04a_42_0_terrain_1_1|42|0|2|1|470|-448.0|6720.0|-64.0|6592.0|-255.8418861169916|6656.4743416490255|96.0|96.0|96.0|QROCK3|XA04TEX|1.0|1.0|0.0|0.0|8|gravel|-|SG001371|-|401|1|1|470|XA04TEX|-|1.0|1.0|0.0|0.0|0.0|QROCK3X8|-|1.0|1.0|798.681262404|32.0|-384.0|-384.0|96.0|96.0|648.0|648.0|448.0|448.0
UTNTSkyEdge_tnt04a_42_0_terrain_2_1|42|0|2|1|1|-448.0|6720.0|-64.0|6592.0|-256.1581138830084|6655.5256583509745|-384.0|-384.0|-384.0|QROCK3|XA04TEX|1.0|1.0|0.0|0.0|14|gravel|-|SG001377|-|414|2|1|1|XA04TEX|-|1.0|1.0|0.0|0.0|0.0|QROCK3X8|-|1.0|1.0|798.681262404|32.0|-384.0|-384.0|96.0|96.0|648.0|648.0|448.0|448.0
UTNTSkyEdge_tnt04a_43_0_terrain_1_0|43|0|2|1|470|1824.0|6336.0|1920.0|6592.0|1872.4681645887845|6463.824438279205|96.0|96.0|96.0|QROCK3|QROCK3X8|1.0|1.0|73.0|32.0|8|rock|-|SG001370|-|414|1|0|470|XA04TEX|-|1.0|1.0|0.0|0.0|0.0|QROCK3X8|-|1.0|1.0|73.0|32.0|-384.0|-384.0|96.0|96.0|648.0|648.0|448.0|448.0
UTNTSkyEdge_tnt04a_43_0_terrain_1_1|43|0|2|1|470|1824.0|6336.0|1920.0|6592.0|1871.5318354112155|6464.175561720795|96.0|96.0|96.0|QROCK3|XA04TEX|1.0|1.0|0.0|0.0|8|gravel|-|SG001371|-|401|1|1|470|XA04TEX|-|1.0|1.0|0.0|0.0|0.0|QROCK3X8|-|1.0|1.0|73.0|32.0|-384.0|-384.0|96.0|96.0|648.0|648.0|448.0|448.0
UTNTSkyEdge_tnt04a_45_0_terrain_1_0|45|0|2|1|470|1472.0|6464.0|1568.0|6336.0|1519.6|6399.7|96.0|96.0|96.0|QROCK3|QROCK3X8|1.0|1.0|716.908980551|32.0|8|rock|-|SG001370|-|414|1|0|470|XA04TEX|-|1.0|1.0|0.0|0.0|0.0|QROCK3X8|-|1.0|1.0|716.908980551|32.0|-384.0|-384.0|96.0|96.0|648.0|648.0|448.0|448.0
UTNTSkyEdge_tnt04a_45_0_terrain_1_1|45|0|2|1|470|1472.0|6464.0|1568.0|6336.0|1520.4|6400.3|96.0|96.0|96.0|QROCK3|XA04TEX|1.0|1.0|0.0|0.0|8|gravel|-|SG001371|-|401|1|1|470|XA04TEX|-|1.0|1.0|0.0|0.0|0.0|QROCK3X8|-|1.0|1.0|716.908980551|32.0|-384.0|-384.0|96.0|96.0|648.0|648.0|448.0|448.0
UTNTSkyEdge_tnt04a_46_0_terrain_1_0|46|0|2|1|470|1024.0|6592.0|1472.0|6464.0|1247.8626394360513|6527.51923802618|96.0|96.0|96.0|QROCK3|QROCK3X8|1.0|1.0|250.981947637|32.0|8|rock|-|SG001370|-|414|1|0|470|XA04TEX|-|1.0|1.0|0.0|0.0|0.0|QROCK3X8|-|1.0|1.0|250.981947637|32.0|-384.0|-384.0|96.0|96.0|648.0|648.0|448.0|448.0
UTNTSkyEdge_tnt04a_46_0_terrain_1_1|46|0|2|1|470|1024.0|6592.0|1472.0|6464.0|1248.1373605639487|6528.48076197382|96.0|96.0|96.0|QROCK3|XA04TEX|1.0|1.0|0.0|0.0|8|gravel|-|SG001371|-|401|1|1|470|XA04TEX|-|1.0|1.0|0.0|0.0|0.0|QROCK3X8|-|1.0|1.0|250.981947637|32.0|-384.0|-384.0|96.0|96.0|648.0|648.0|448.0|448.0
UTNTSkyEdge_tnt04a_46_0_terrain_2_1|46|0|2|1|1|1024.0|6592.0|1472.0|6464.0|1247.8626394360513|6527.51923802618|-384.0|-384.0|-384.0|QROCK3|XA04TEX|1.0|1.0|0.0|0.0|14|gravel|-|SG001378|-|414|2|1|1|XA04TEX|-|1.0|1.0|0.0|0.0|0.0|QROCK3X8|-|1.0|1.0|250.981947637|32.0|-384.0|-384.0|96.0|96.0|648.0|648.0|448.0|448.0
UTNTSkyEdge_tnt04a_47_0_terrain_1_0|47|0|2|1|470|-64.0|6592.0|512.0|6656.0|224.0552157630374|6623.503058132663|96.0|96.0|96.0|QROCK3|QROCK3X8|1.0|1.0|179.452802905|32.0|8|rock|-|SG001370|-|414|1|0|470|XA04TEX|-|1.0|1.0|0.0|0.0|0.0|QROCK3X8|-|1.0|1.0|179.452802905|32.0|-384.0|-384.0|96.0|96.0|648.0|648.0|448.0|448.0
UTNTSkyEdge_tnt04a_47_0_terrain_1_1|47|0|2|1|470|-64.0|6592.0|512.0|6656.0|223.9447842369626|6624.496941867337|96.0|96.0|96.0|QROCK3|XA04TEX|1.0|1.0|0.0|0.0|8|gravel|-|SG001371|-|401|1|1|470|XA04TEX|-|1.0|1.0|0.0|0.0|0.0|QROCK3X8|-|1.0|1.0|179.452802905|32.0|-384.0|-384.0|96.0|96.0|648.0|648.0|448.0|448.0
UTNTSkyEdge_tnt04a_52_0_terrain_2_1|52|0|1|5|5|-896.0|8576.0|-704.0|8640.0|-799.8418861169915|8607.525658350974|384.0|384.0|384.0|QROCK3X8|XA04TEX|1.0|1.0|0.0|0.0|5|gravel|-|SG001379|-|408|2|1|5|XA04TEX|-|1.0|1.0|0.0|0.0|0.0|QROCK3X8|-|1.0|1.0|14.628300202|64.0|384.0|384.0|0|0|576.0|576.0|0|0
UTNTSkyEdge_tnt04a_53_0_terrain_2_1|53|0|1|5|5|-704.0|8640.0|-384.0|8640.0|-544.0|8639.5|384.0|384.0|384.0|QROCK3X8|XA04TEX|1.0|1.0|0.0|0.0|14|gravel|-|SG001380|-|408|2|1|5|XA04TEX|-|1.0|1.0|0.0|0.0|0.0|QROCK3X8|-|1.0|1.0|217.014070453|64.0|384.0|384.0|0|0|576.0|576.0|0|0
UTNTSkyEdge_tnt04a_56_0_terrain_2_1|56|0|1|4|4|-384.0|8576.0|-384.0|8384.0|-384.5|8480.0|360.0|384.0|336.0|QROCK3X8|XA04TEX|1.0|1.0|0.0|0.0|14|gravel|-|SG001381|-|404|2|1|4|XA04TEX|-|1.0|1.0|0.0|0.0|0.0|QROCK3X8|-|1.0|1.0|89.014070453|192.0|384.0|336.0|0|0|576.0|528.0|0|0
UTNTSkyEdge_tnt04a_69_0_terrain_1_0|69|0|2|1|9|-32.0|5216.0|-384.0|5376.0|-207.7930985278494|5296.4551832387315|96.0|96.0|96.0|QROCK3|QROCK3X8|1.0|1.0|252.465374225|-1544.0|8|rock|-|SG001370|-|414|1|0|9|XA04TEX|-|1.0|1.0|0.0|0.0|0.0|QROCK3X8|-|1.0|1.0|252.465374225|-1544.0|-384.0|-384.0|96.0|96.0|648.0|648.0|648.0|648.0
UTNTSkyEdge_tnt04a_69_0_terrain_1_1|69|0|2|1|9|-32.0|5216.0|-384.0|5376.0|-208.2069014721506|5295.5448167612685|96.0|96.0|96.0|QROCK3|XA04TEX|1.0|1.0|0.0|0.0|8|gravel|-|SG001382|-|415|1|1|9|XA04TEX|-|1.0|1.0|0.0|0.0|0.0|QROCK3X8|-|1.0|1.0|252.465374225|-1544.0|-384.0|-384.0|96.0|96.0|648.0|648.0|648.0|648.0
UTNTSkyEdge_tnt04a_69_0_terrain_2_1|69|0|2|1|1|-32.0|5216.0|-384.0|5376.0|-207.7930985278494|5296.4551832387315|-384.0|-384.0|-384.0|QROCK3|XA04TEX|1.0|1.0|0.0|0.0|14|gravel|-|SG001383|-|414|2|1|1|XA04TEX|-|1.0|1.0|0.0|0.0|0.0|QROCK3X8|-|1.0|1.0|252.465374225|-1544.0|-384.0|-384.0|96.0|96.0|648.0|648.0|648.0|648.0
UTNTSkyEdge_tnt04a_70_0_terrain_1_0|70|0|2|1|9|-384.0|5376.0|-768.0|5504.0|-575.8418861169915|5440.4743416490255|96.0|96.0|96.0|QROCK3|QROCK3X8|1.0|1.0|639.12284538|-1544.0|8|rock|-|SG001370|-|414|1|0|9|XA04TEX|-|1.0|1.0|0.0|0.0|0.0|QROCK3X8|-|1.0|1.0|639.12284538|-1544.0|-384.0|-384.0|96.0|96.0|648.0|648.0|648.0|648.0
UTNTSkyEdge_tnt04a_70_0_terrain_1_1|70|0|2|1|9|-384.0|5376.0|-768.0|5504.0|-576.1581138830085|5439.5256583509745|96.0|96.0|96.0|QROCK3|XA04TEX|1.0|1.0|0.0|0.0|8|gravel|-|SG001382|-|415|1|1|9|XA04TEX|-|1.0|1.0|0.0|0.0|0.0|QROCK3X8|-|1.0|1.0|639.12284538|-1544.0|-384.0|-384.0|96.0|96.0|648.0|648.0|648.0|648.0
UTNTSkyEdge_tnt04a_70_0_terrain_2_1|70|0|2|1|1|-384.0|5376.0|-768.0|5504.0|-575.8418861169915|5440.4743416490255|-384.0|-384.0|-384.0|QROCK3|XA04TEX|1.0|1.0|0.0|0.0|14|gravel|-|SG001384|-|414|2|1|1|XA04TEX|-|1.0|1.0|0.0|0.0|0.0|QROCK3X8|-|1.0|1.0|639.12284538|-1544.0|-384.0|-384.0|96.0|96.0|648.0|648.0|648.0|648.0
UTNTSkyEdge_tnt04a_71_0_terrain_1_0|71|0|2|1|9|-768.0|5504.0|-1184.0|5504.0|-976.0|5504.5|96.0|96.0|96.0|QROCK3|QROCK3X8|1.0|1.0|19.894385882|-1544.0|8|rock|-|SG001370|-|414|1|0|9|XA04TEX|-|1.0|1.0|0.0|0.0|0.0|QROCK3X8|-|1.0|1.0|19.894385882|-1544.0|-384.0|-384.0|96.0|96.0|648.0|648.0|648.0|648.0
UTNTSkyEdge_tnt04a_71_0_terrain_1_1|71|0|2|1|9|-768.0|5504.0|-1184.0|5504.0|-976.0|5503.5|96.0|96.0|96.0|QROCK3|XA04TEX|1.0|1.0|0.0|0.0|8|gravel|-|SG001382|-|415|1|1|9|XA04TEX|-|1.0|1.0|0.0|0.0|0.0|QROCK3X8|-|1.0|1.0|19.894385882|-1544.0|-384.0|-384.0|96.0|96.0|648.0|648.0|648.0|648.0
UTNTSkyEdge_tnt04a_71_0_terrain_2_1|71|0|2|1|1|-768.0|5504.0|-1184.0|5504.0|-976.0|5504.5|-384.0|-384.0|-384.0|QROCK3|XA04TEX|1.0|1.0|0.0|0.0|14|gravel|-|SG001385|-|414|2|1|1|XA04TEX|-|1.0|1.0|0.0|0.0|0.0|QROCK3X8|-|1.0|1.0|19.894385882|-1544.0|-384.0|-384.0|96.0|96.0|648.0|648.0|648.0|648.0
UTNTSkyEdge_tnt04a_73_0_terrain_1_0|73|0|2|1|9|-1568.0|5504.0|-1792.0|5504.0|-1680.0|5504.5|96.0|96.0|96.0|QROCK3|QROCK3X8|1.0|1.0|0.0|-1544.0|8|rock|-|SG001370|-|414|1|0|9|XA04TEX|-|1.0|1.0|0.0|0.0|0.0|QROCK3X8|-|1.0|1.0|0.0|-1544.0|-384.0|-384.0|96.0|96.0|648.0|648.0|648.0|648.0
UTNTSkyEdge_tnt04a_73_0_terrain_1_1|73|0|2|1|9|-1568.0|5504.0|-1792.0|5504.0|-1680.0|5503.5|96.0|96.0|96.0|QROCK3|XA04TEX|1.0|1.0|0.0|0.0|8|gravel|-|SG001382|-|415|1|1|9|XA04TEX|-|1.0|1.0|0.0|0.0|0.0|QROCK3X8|-|1.0|1.0|0.0|-1544.0|-384.0|-384.0|96.0|96.0|648.0|648.0|648.0|648.0
UTNTSkyEdge_tnt04a_74_0_terrain_1_0|74|0|2|1|9|-1792.0|5504.0|-2240.0|5504.0|-2016.0|5504.5|96.0|96.0|96.0|QROCK3|QROCK3X8|1.0|1.0|224.0|-1544.0|8|rock|-|SG001370|-|414|1|0|9|XA04TEX|-|1.0|1.0|0.0|0.0|0.0|QROCK3X8|-|1.0|1.0|224.0|-1544.0|-384.0|-384.0|96.0|96.0|648.0|648.0|648.0|648.0
UTNTSkyEdge_tnt04a_74_0_terrain_1_1|74|0|2|1|9|-1792.0|5504.0|-2240.0|5504.0|-2016.0|5503.5|96.0|96.0|96.0|QROCK3|XA04TEX|1.0|1.0|0.0|0.0|8|gravel|-|SG001382|-|415|1|1|9|XA04TEX|-|1.0|1.0|0.0|0.0|0.0|QROCK3X8|-|1.0|1.0|224.0|-1544.0|-384.0|-384.0|96.0|96.0|648.0|648.0|648.0|648.0
UTNTSkyEdge_tnt04a_74_0_terrain_2_1|74|0|2|1|1|-1792.0|5504.0|-2240.0|5504.0|-2016.0|5504.5|-384.0|-384.0|-384.0|QROCK3|XA04TEX|1.0|1.0|0.0|0.0|14|gravel|-|SG001385|-|414|2|1|1|XA04TEX|-|1.0|1.0|0.0|0.0|0.0|QROCK3X8|-|1.0|1.0|224.0|-1544.0|-384.0|-384.0|96.0|96.0|648.0|648.0|648.0|648.0
UTNTSkyEdge_tnt04a_75_0_terrain_1_0|75|0|2|1|9|-2240.0|5504.0|-2496.0|5376.0|-2368.22360679775|5440.4472135955|96.0|96.0|96.0|QROCK3|QROCK3X8|1.0|1.0|672.0|-1544.0|8|rock|-|SG001370|-|414|1|0|9|XA04TEX|-|1.0|1.0|0.0|0.0|0.0|QROCK3X8|-|1.0|1.0|672.0|-1544.0|-384.0|-384.0|96.0|96.0|648.0|648.0|648.0|648.0
UTNTSkyEdge_tnt04a_75_0_terrain_1_1|75|0|2|1|9|-2240.0|5504.0|-2496.0|5376.0|-2367.77639320225|5439.5527864045|96.0|96.0|96.0|QROCK3|XA04TEX|1.0|1.0|0.0|0.0|8|gravel|-|SG001382|-|415|1|1|9|XA04TEX|-|1.0|1.0|0.0|0.0|0.0|QROCK3X8|-|1.0|1.0|672.0|-1544.0|-384.0|-384.0|96.0|96.0|648.0|648.0|648.0|648.0
UTNTSkyEdge_tnt04a_75_0_terrain_2_1|75|0|2|1|1|-2240.0|5504.0|-2496.0|5376.0|-2368.22360679775|5440.4472135955|-384.0|-384.0|-384.0|QROCK3|XA04TEX|1.0|1.0|0.0|0.0|14|gravel|-|SG001386|-|414|2|1|1|XA04TEX|-|1.0|1.0|0.0|0.0|0.0|QROCK3X8|-|1.0|1.0|672.0|-1544.0|-384.0|-384.0|96.0|96.0|648.0|648.0|648.0|648.0
UTNTSkyEdge_tnt04a_76_0_terrain_1_0|76|0|2|1|9|-2496.0|5376.0|-2720.0|4960.0|-2608.440235549961|5168.237049911518|96.0|96.0|96.0|QROCK3|QROCK3X8|1.0|1.0|958.21670112|-1544.0|8|rock|-|SG001370|-|414|1|0|9|XA04TEX|-|1.0|1.0|0.0|0.0|0.0|QROCK3X8|-|1.0|1.0|958.21670112|-1544.0|-384.0|-384.0|96.0|96.0|648.0|648.0|648.0|648.0
UTNTSkyEdge_tnt04a_76_0_terrain_1_1|76|0|2|1|9|-2496.0|5376.0|-2720.0|4960.0|-2607.559764450039|5167.762950088482|96.0|96.0|96.0|QROCK3|XA04TEX|1.0|1.0|0.0|0.0|8|gravel|-|SG001382|-|415|1|1|9|XA04TEX|-|1.0|1.0|0.0|0.0|0.0|QROCK3X8|-|1.0|1.0|958.21670112|-1544.0|-384.0|-384.0|96.0|96.0|648.0|648.0|648.0|648.0
UTNTSkyEdge_tnt04a_76_0_terrain_2_1|76|0|2|1|1|-2496.0|5376.0|-2720.0|4960.0|-2608.440235549961|5168.237049911518|-384.0|-384.0|-384.0|QROCK3|XA04TEX|1.0|1.0|0.0|0.0|14|gravel|-|SG001387|-|414|2|1|1|XA04TEX|-|1.0|1.0|0.0|0.0|0.0|QROCK3X8|-|1.0|1.0|958.21670112|-1544.0|-384.0|-384.0|96.0|96.0|648.0|648.0|648.0|648.0
UTNTSkyEdge_tnt04a_77_0_terrain_1_0|77|0|2|1|9|-2720.0|4960.0|-2656.0|4448.0|-2688.496138938357|4703.937982632706|96.0|96.0|96.0|QROCK3|QROCK3X8|1.0|1.0|406.691039047|-1544.0|8|rock|-|SG001370|-|414|1|0|9|XA04TEX|-|1.0|1.0|0.0|0.0|0.0|QROCK3X8|-|1.0|1.0|406.691039047|-1544.0|-384.0|-384.0|96.0|96.0|648.0|648.0|648.0|648.0
UTNTSkyEdge_tnt04a_77_0_terrain_1_1|77|0|2|1|9|-2720.0|4960.0|-2656.0|4448.0|-2687.503861061643|4704.062017367294|96.0|96.0|96.0|QROCK3|XA04TEX|1.0|1.0|0.0|0.0|8|gravel|-|SG001382|-|415|1|1|9|XA04TEX|-|1.0|1.0|0.0|0.0|0.0|QROCK3X8|-|1.0|1.0|406.691039047|-1544.0|-384.0|-384.0|96.0|96.0|648.0|648.0|648.0|648.0
UTNTSkyEdge_tnt04a_78_0_terrain_1_0|78|0|2|1|9|-2656.0|4448.0|-2464.0|4192.0|-2560.4|4319.7|96.0|96.0|96.0|QROCK3|QROCK3X8|1.0|1.0|922.675534939|-1544.0|8|rock|-|SG001370|-|414|1|0|9|XA04TEX|-|1.0|1.0|0.0|0.0|0.0|QROCK3X8|-|1.0|1.0|922.675534939|-1544.0|-384.0|-384.0|96.0|96.0|648.0|648.0|648.0|648.0
UTNTSkyEdge_tnt04a_78_0_terrain_1_1|78|0|2|1|9|-2656.0|4448.0|-2464.0|4192.0|-2559.6|4320.3|96.0|96.0|96.0|QROCK3|XA04TEX|1.0|1.0|0.0|0.0|8|gravel|-|SG001382|-|415|1|1|9|XA04TEX|-|1.0|1.0|0.0|0.0|0.0|QROCK3X8|-|1.0|1.0|922.675534939|-1544.0|-384.0|-384.0|96.0|96.0|648.0|648.0|648.0|648.0
UTNTSkyEdge_tnt04a_78_0_terrain_2_1|78|0|2|1|1|-2656.0|4448.0|-2464.0|4192.0|-2560.4|4319.7|-384.0|-384.0|-384.0|QROCK3|XA04TEX|1.0|1.0|0.0|0.0|14|gravel|-|SG001388|-|414|2|1|1|XA04TEX|-|1.0|1.0|0.0|0.0|0.0|QROCK3X8|-|1.0|1.0|922.675534939|-1544.0|-384.0|-384.0|96.0|96.0|648.0|648.0|648.0|648.0
UTNTSkyEdge_tnt04a_80_0_terrain_1_0|80|0|2|1|108|-2464.0|2784.0|-2080.0|2656.0|-2272.1581138830084|2719.525658350975|96.0|96.0|96.0|QROCK3|QROCK3X8|1.0|1.0|858.65010336|-1544.0|8|rock|-|SG001370|-|414|1|0|108|XA04TEX|-|1.0|1.0|0.0|0.0|0.0|QROCK3X8|-|1.0|1.0|858.65010336|-1544.0|-384.0|-384.0|96.0|96.0|648.0|648.0|648.0|648.0
UTNTSkyEdge_tnt04a_80_0_terrain_1_1|80|0|2|1|108|-2464.0|2784.0|-2080.0|2656.0|-2271.8418861169916|2720.474341649025|96.0|96.0|96.0|QROCK3|XA04TEX|1.0|1.0|0.0|0.0|8|gravel|-|SG001389|-|416|1|1|108|XA04TEX|-|1.0|1.0|0.0|0.0|0.0|QROCK3X8|-|1.0|1.0|858.65010336|-1544.0|-384.0|-384.0|96.0|96.0|648.0|648.0|648.0|648.0
UTNTSkyEdge_tnt04a_80_0_terrain_2_1|80|0|2|1|1|-2464.0|2784.0|-2080.0|2656.0|-2272.1581138830084|2719.525658350975|-384.0|-384.0|-384.0|QROCK3|XA04TEX|1.0|1.0|0.0|0.0|14|gravel|-|SG001390|-|414|2|1|1|XA04TEX|-|1.0|1.0|0.0|0.0|0.0|QROCK3X8|-|1.0|1.0|858.65010336|-1544.0|-384.0|-384.0|96.0|96.0|648.0|648.0|648.0|648.0
UTNTSkyEdge_tnt04a_418_0_terrain_1_0|418|0|2|1|443|2176.0|4672.0|2240.0|4928.0|2208.4850712500725|4799.878732187482|7.363636363636363|-24.0|38.72727272727273|QROCK3|QROCK3X8|1.0|1.0|36.0|-1544.0|8|rock|-|SG001370|-|414|1|0|443|XA04TEX|-|1.0|1.0|0.0|0.0|0.0|QROCK3X8|-|1.0|1.0|36.0|-1544.0|-384.0|-384.0|-24.0|38.72727272727273|648.0|648.0|648.0|648.0
UTNTSkyEdge_tnt04a_418_0_terrain_1_1|418|0|2|1|443|2176.0|4672.0|2240.0|4928.0|2207.5149287499275|4800.121267812518|7.363636363636363|-24.0|38.72727272727273|QROCK3|XA04TEX|1.0|1.0|0.0|0.0|8|gravel|-|SG001391|-|417|1|1|443|XA04TEX|-|1.0|1.0|0.0|0.0|0.0|QROCK3X8|-|1.0|1.0|36.0|-1544.0|-384.0|-384.0|-24.0|38.72727272727273|648.0|648.0|648.0|648.0
UTNTSkyEdge_tnt04a_418_0_terrain_2_1|418|0|2|1|1|2176.0|4672.0|2240.0|4928.0|2208.4850712500725|4799.878732187482|-384.0|-384.0|-384.0|QROCK3|XA04TEX|1.0|1.0|0.0|0.0|14|gravel|-|SG001392|-|414|2|1|1|XA04TEX|-|1.0|1.0|0.0|0.0|0.0|QROCK3X8|-|1.0|1.0|36.0|-1544.0|-384.0|-384.0|-24.0|38.72727272727273|648.0|648.0|648.0|648.0
UTNTSkyEdge_tnt04a_419_0_terrain_1_0|419|0|2|1|443|2240.0|4928.0|2048.0|5120.0|2144.3535533905933|5024.353553390593|67.36363636363636|38.72727272727273|96.0|QROCK3|QROCK3X8|1.0|1.0|299.87876004|-1544.0|8|rock|-|SG001370|-|414|1|0|443|XA04TEX|-|1.0|1.0|0.0|0.0|0.0|QROCK3X8|-|1.0|1.0|299.87876004|-1544.0|-384.0|-384.0|38.72727272727273|96.0|648.0|648.0|648.0|648.0
UTNTSkyEdge_tnt04a_419_0_terrain_1_1|419|0|2|1|443|2240.0|4928.0|2048.0|5120.0|2143.6464466094067|5023.646446609407|67.36363636363636|38.72727272727273|96.0|QROCK3|XA04TEX|1.0|1.0|0.0|0.0|8|gravel|-|SG001391|-|417|1|1|443|XA04TEX|-|1.0|1.0|0.0|0.0|0.0|QROCK3X8|-|1.0|1.0|299.87876004|-1544.0|-384.0|-384.0|38.72727272727273|96.0|648.0|648.0|648.0|648.0
UTNTSkyEdge_tnt04a_419_0_terrain_2_1|419|0|2|1|1|2240.0|4928.0|2048.0|5120.0|2144.3535533905933|5024.353553390593|-384.0|-384.0|-384.0|QROCK3|XA04TEX|1.0|1.0|0.0|0.0|14|gravel|-|SG001393|-|414|2|1|1|XA04TEX|-|1.0|1.0|0.0|0.0|0.0|QROCK3X8|-|1.0|1.0|299.87876004|-1544.0|-384.0|-384.0|38.72727272727273|96.0|648.0|648.0|648.0|648.0
UTNTSkyEdge_tnt04a_420_0_terrain_1_0|420|0|2|1|444|2048.0|5120.0|1824.0|5248.0|1936.2480694691785|5184.434121571062|96.0|96.0|96.0|QROCK3|QROCK3X8|1.0|1.0|571.407764015|-1544.0|8|rock|-|SG001370|-|414|1|0|444|XA04TEX|-|1.0|1.0|0.0|0.0|0.0|QROCK3X8|-|1.0|1.0|571.407764015|-1544.0|-384.0|-384.0|96.0|96.0|648.0|648.0|648.0|648.0
UTNTSkyEdge_tnt04a_420_0_terrain_1_1|420|0|2|1|444|2048.0|5120.0|1824.0|5248.0|1935.7519305308215|5183.565878428938|96.0|96.0|96.0|QROCK3|XA04TEX|1.0|1.0|0.0|0.0|8|gravel|-|SG001394|-|418|1|1|444|XA04TEX|-|1.0|1.0|0.0|0.0|0.0|QROCK3X8|-|1.0|1.0|571.407764015|-1544.0|-384.0|-384.0|96.0|96.0|648.0|648.0|648.0|648.0
UTNTSkyEdge_tnt04a_421_0_terrain_1_0|421|0|2|1|446|1568.0|5248.0|1280.0|5184.0|1423.8915347710906|5216.488093530092|96.0|96.0|96.0|QROCK3|QROCK3X8|1.0|1.0|0.0|-1544.0|8|rock|-|SG001370|-|414|1|0|446|XA04TEX|-|1.0|1.0|0.0|0.0|0.0|QROCK3X8|-|1.0|1.0|0.0|-1544.0|-384.0|-384.0|96.0|96.0|648.0|648.0|648.0|648.0
UTNTSkyEdge_tnt04a_421_0_terrain_1_1|421|0|2|1|446|1568.0|5248.0|1280.0|5184.0|1424.1084652289094|5215.511906469908|96.0|96.0|96.0|QROCK3|XA04TEX|1.0|1.0|0.0|0.0|8|gravel|-|SG001395|-|419|1|1|446|XA04TEX|-|1.0|1.0|0.0|0.0|0.0|QROCK3X8|-|1.0|1.0|0.0|-1544.0|-384.0|-384.0|96.0|96.0|648.0|648.0|648.0|648.0
UTNTSkyEdge_tnt04a_422_0_terrain_1_0|422|0|2|1|446|1280.0|5184.0|1216.0|5024.0|1247.5357616545573|5104.185695338177|96.0|96.0|96.0|QROCK3|QROCK3X8|1.0|1.0|295.025422633|-1544.0|8|rock|-|SG001370|-|414|1|0|446|XA04TEX|-|1.0|1.0|0.0|0.0|0.0|QROCK3X8|-|1.0|1.0|295.025422633|-1544.0|-384.0|-384.0|96.0|96.0|648.0|648.0|648.0|648.0
UTNTSkyEdge_tnt04a_422_0_terrain_1_1|422|0|2|1|446|1280.0|5184.0|1216.0|5024.0|1248.4642383454427|5103.814304661823|96.0|96.0|96.0|QROCK3|XA04TEX|1.0|1.0|0.0|0.0|8|gravel|-|SG001395|-|419|1|1|446|XA04TEX|-|1.0|1.0|0.0|0.0|0.0|QROCK3X8|-|1.0|1.0|295.025422633|-1544.0|-384.0|-384.0|96.0|96.0|648.0|648.0|648.0|648.0
UTNTSkyEdge_tnt04a_422_0_terrain_2_1|422|0|2|1|1|1280.0|5184.0|1216.0|5024.0|1247.5357616545573|5104.185695338177|-384.0|-384.0|-384.0|QROCK3|XA04TEX|1.0|1.0|0.0|0.0|14|gravel|-|SG001396|-|414|2|1|1|XA04TEX|-|1.0|1.0|0.0|0.0|0.0|QROCK3X8|-|1.0|1.0|295.025422633|-1544.0|-384.0|-384.0|96.0|96.0|648.0|648.0|648.0|648.0
UTNTSkyEdge_tnt04a_423_0_terrain_1_0|423|0|2|1|96|1152.0|4864.0|1152.0|4544.0|1151.5|4704.0|33.92375366568915|65.94721407624634|1.900293255131965|QROCK3|QROCK3X8|1.0|1.0|639.67597029|-1544.0|8|rock|-|SG001370|-|414|1|0|96|XA04TEX|-|1.0|1.0|0.0|0.0|0.0|QROCK3X8|-|1.0|1.0|639.67597029|-1544.0|-384.0|-384.0|65.94721407624634|1.900293255131965|648.0|648.0|648.0|648.0
UTNTSkyEdge_tnt04a_423_0_terrain_1_1|423|0|2|1|96|1152.0|4864.0|1152.0|4544.0|1152.5|4704.0|33.92375366568915|65.94721407624634|1.900293255131965|QROCK3|XA04TEX|1.0|1.0|0.0|0.0|8|gravel|-|SG001397|-|420|1|1|96|XA04TEX|-|1.0|1.0|0.0|0.0|0.0|QROCK3X8|-|1.0|1.0|639.67597029|-1544.0|-384.0|-384.0|65.94721407624634|1.900293255131965|648.0|648.0|648.0|648.0
UTNTSkyEdge_tnt04a_424_0_terrain_1_0|424|0|2|1|96|1152.0|4544.0|1280.0|4288.0|1215.5527864045|4415.77639320225|-25.6891495601173|1.900293255131965|-53.27859237536657|QROCK3|QROCK3X8|1.0|1.0|959.67597029|-1544.0|8|rock|-|SG001370|-|414|1|0|96|XA04TEX|-|1.0|1.0|0.0|0.0|0.0|QROCK3X8|-|1.0|1.0|959.67597029|-1544.0|-384.0|-384.0|1.900293255131965|-53.27859237536657|648.0|648.0|648.0|648.0
UTNTSkyEdge_tnt04a_424_0_terrain_1_1|424|0|2|1|96|1152.0|4544.0|1280.0|4288.0|1216.4472135955|4416.22360679775|-25.6891495601173|1.900293255131965|-53.27859237536657|QROCK3|XA04TEX|1.0|1.0|0.0|0.0|8|gravel|-|SG001397|-|420|1|1|96|XA04TEX|-|1.0|1.0|0.0|0.0|0.0|QROCK3X8|-|1.0|1.0|959.67597029|-1544.0|-384.0|-384.0|1.900293255131965|-53.27859237536657|648.0|648.0|648.0|648.0
UTNTSkyEdge_tnt04a_424_0_terrain_2_1|424|0|2|1|1|1152.0|4544.0|1280.0|4288.0|1215.5527864045|4415.77639320225|-384.0|-384.0|-384.0|QROCK3|XA04TEX|1.0|1.0|0.0|0.0|14|gravel|-|SG001398|-|414|2|1|1|XA04TEX|-|1.0|1.0|0.0|0.0|0.0|QROCK3X8|-|1.0|1.0|959.67597029|-1544.0|-384.0|-384.0|1.900293255131965|-53.27859237536657|648.0|648.0|648.0|648.0
UTNTSkyEdge_tnt04a_425_0_terrain_1_0|425|0|2|1|96|1280.0|4288.0|1472.0|4224.0|1375.8418861169916|4255.5256583509745|-62.639296187683286|-53.27859237536657|-72.0|QROCK3|QROCK3X8|1.0|1.0|221.89267141|-1544.0|8|rock|-|SG001370|-|414|1|0|96|XA04TEX|-|1.0|1.0|0.0|0.0|0.0|QROCK3X8|-|1.0|1.0|221.89267141|-1544.0|-384.0|-384.0|-53.27859237536657|-72.0|648.0|648.0|648.0|648.0
UTNTSkyEdge_tnt04a_425_0_terrain_1_1|425|0|2|1|96|1280.0|4288.0|1472.0|4224.0|1376.1581138830084|4256.4743416490255|-62.639296187683286|-53.27859237536657|-72.0|QROCK3|XA04TEX|1.0|1.0|0.0|0.0|8|gravel|-|SG001397|-|420|1|1|96|XA04TEX|-|1.0|1.0|0.0|0.0|0.0|QROCK3X8|-|1.0|1.0|221.89267141|-1544.0|-384.0|-384.0|-53.27859237536657|-72.0|648.0|648.0|648.0|648.0
UTNTSkyEdge_tnt04a_425_0_terrain_2_1|425|0|2|1|1|1280.0|4288.0|1472.0|4224.0|1375.8418861169916|4255.5256583509745|-384.0|-384.0|-384.0|QROCK3|XA04TEX|1.0|1.0|0.0|0.0|14|gravel|-|SG001399|-|414|2|1|1|XA04TEX|-|1.0|1.0|0.0|0.0|0.0|QROCK3X8|-|1.0|1.0|221.89267141|-1544.0|-384.0|-384.0|-53.27859237536657|-72.0|648.0|648.0|648.0|648.0
UTNTSkyEdge_tnt04a_426_0_terrain_1_0|426|0|2|1|96|1472.0|4224.0|1856.0|4288.0|1664.0821994936528|4255.5068030380835|-71.50733137829911|-72.0|-71.01466275659824|QROCK3|QROCK3X8|1.0|1.0|424.278441661|-1544.0|8|rock|-|SG001370|-|414|1|0|96|XA04TEX|-|1.0|1.0|0.0|0.0|0.0|QROCK3X8|-|1.0|1.0|424.278441661|-1544.0|-384.0|-384.0|-72.0|-71.01466275659824|648.0|648.0|648.0|648.0
UTNTSkyEdge_tnt04a_426_0_terrain_1_1|426|0|2|1|96|1472.0|4224.0|1856.0|4288.0|1663.9178005063472|4256.4931969619165|-71.50733137829911|-72.0|-71.01466275659824|QROCK3|XA04TEX|1.0|1.0|0.0|0.0|8|gravel|-|SG001397|-|420|1|1|96|XA04TEX|-|1.0|1.0|0.0|0.0|0.0|QROCK3X8|-|1.0|1.0|424.278441661|-1544.0|-384.0|-384.0|-72.0|-71.01466275659824|648.0|648.0|648.0|648.0
UTNTSkyEdge_tnt04a_426_0_terrain_2_1|426|0|2|1|1|1472.0|4224.0|1856.0|4288.0|1664.0821994936528|4255.5068030380835|-384.0|-384.0|-384.0|QROCK3|XA04TEX|1.0|1.0|0.0|0.0|14|gravel|-|SG001400|-|414|2|1|1|XA04TEX|-|1.0|1.0|0.0|0.0|0.0|QROCK3X8|-|1.0|1.0|424.278441661|-1544.0|-384.0|-384.0|-72.0|-71.01466275659824|648.0|648.0|648.0|648.0
UTNTSkyEdge_tnt04a_427_0_terrain_1_0|427|0|2|1|96|1856.0|4288.0|2048.0|4480.0|1952.3535533905933|4383.646446609407|-54.75659824046921|-71.01466275659824|-38.49853372434018|QROCK3|QROCK3X8|1.0|1.0|813.5752436|-1544.0|8|rock|-|SG001370|-|414|1|0|96|XA04TEX|-|1.0|1.0|0.0|0.0|0.0|QROCK3X8|-|1.0|1.0|813.5752436|-1544.0|-384.0|-384.0|-71.01466275659824|-38.49853372434018|648.0|648.0|648.0|648.0
UTNTSkyEdge_tnt04a_427_0_terrain_1_1|427|0|2|1|96|1856.0|4288.0|2048.0|4480.0|1951.6464466094067|4384.353553390593|-54.75659824046921|-71.01466275659824|-38.49853372434018|QROCK3|XA04TEX|1.0|1.0|0.0|0.0|8|gravel|-|SG001397|-|420|1|1|96|XA04TEX|-|1.0|1.0|0.0|0.0|0.0|QROCK3X8|-|1.0|1.0|813.5752436|-1544.0|-384.0|-384.0|-71.01466275659824|-38.49853372434018|648.0|648.0|648.0|648.0
UTNTSkyEdge_tnt04a_427_0_terrain_2_1|427|0|2|1|1|1856.0|4288.0|2048.0|4480.0|1952.3535533905933|4383.646446609407|-384.0|-384.0|-384.0|QROCK3|XA04TEX|1.0|1.0|0.0|0.0|14|gravel|-|SG001401|-|414|2|1|1|XA04TEX|-|1.0|1.0|0.0|0.0|0.0|QROCK3X8|-|1.0|1.0|813.5752436|-1544.0|-384.0|-384.0|-71.01466275659824|-38.49853372434018|648.0|648.0|648.0|648.0
UTNTSkyEdge_tnt04a_428_0_terrain_2_1|428|0|2|1|1|2048.0|4480.0|2176.0|4672.0|2112.416025147169|4575.722649901887|-384.0|-384.0|-384.0|QROCK3|XA04TEX|1.0|1.0|0.0|0.0|14|gravel|-|SG001402|-|414|2|1|1|XA04TEX|-|1.0|1.0|0.0|0.0|0.0|QROCK3X8|-|1.0|1.0|61.0|-1672.0|-384.0|-384.0|-108.0|-44.8421052631579|648.0|648.0|648.0|648.0
UTNTSkyEdge_tnt04a_445_0_terrain_1_0|445|0|2|1|108|-2464.0|3552.0|-2592.0|3296.0|-2528.4472135954998|3424.22360679775|96.0|96.0|96.0|QROCK3|QROCK3X8|1.0|1.0|0.0|-1544.0|8|rock|-|SG001370|-|414|1|0|108|XA04TEX|-|1.0|1.0|0.0|0.0|0.0|QROCK3X8|-|1.0|1.0|0.0|-1544.0|-384.0|-384.0|96.0|96.0|648.0|648.0|648.0|648.0
UTNTSkyEdge_tnt04a_445_0_terrain_1_1|445|0|2|1|108|-2464.0|3552.0|-2592.0|3296.0|-2527.5527864045002|3423.77639320225|96.0|96.0|96.0|QROCK3|XA04TEX|1.0|1.0|0.0|0.0|8|gravel|-|SG001389|-|416|1|1|108|XA04TEX|-|1.0|1.0|0.0|0.0|0.0|QROCK3X8|-|1.0|1.0|0.0|-1544.0|-384.0|-384.0|96.0|96.0|648.0|648.0|648.0|648.0
UTNTSkyEdge_tnt04a_445_0_terrain_2_1|445|0|2|1|1|-2464.0|3552.0|-2592.0|3296.0|-2528.4472135954998|3424.22360679775|-384.0|-384.0|-384.0|QROCK3|XA04TEX|1.0|1.0|0.0|0.0|14|gravel|-|SG001403|-|414|2|1|1|XA04TEX|-|1.0|1.0|0.0|0.0|0.0|QROCK3X8|-|1.0|1.0|0.0|-1544.0|-384.0|-384.0|96.0|96.0|648.0|648.0|648.0|648.0
UTNTSkyEdge_tnt04a_446_0_terrain_1_0|446|0|2|1|108|-2656.0|3168.0|-2464.0|2784.0|-2560.4472135954998|2975.77639320225|96.0|96.0|96.0|QROCK3|QROCK3X8|1.0|1.0|429.32505168|-1544.0|8|rock|-|SG001370|-|414|1|0|108|XA04TEX|-|1.0|1.0|0.0|0.0|0.0|QROCK3X8|-|1.0|1.0|429.32505168|-1544.0|-384.0|-384.0|96.0|96.0|648.0|648.0|648.0|648.0
UTNTSkyEdge_tnt04a_446_0_terrain_1_1|446|0|2|1|108|-2656.0|3168.0|-2464.0|2784.0|-2559.5527864045002|2976.22360679775|96.0|96.0|96.0|QROCK3|XA04TEX|1.0|1.0|0.0|0.0|8|gravel|-|SG001389|-|416|1|1|108|XA04TEX|-|1.0|1.0|0.0|0.0|0.0|QROCK3X8|-|1.0|1.0|429.32505168|-1544.0|-384.0|-384.0|96.0|96.0|648.0|648.0|648.0|648.0
UTNTSkyEdge_tnt04a_446_0_terrain_2_1|446|0|2|1|1|-2656.0|3168.0|-2464.0|2784.0|-2560.4472135954998|2975.77639320225|-384.0|-384.0|-384.0|QROCK3|XA04TEX|1.0|1.0|0.0|0.0|14|gravel|-|SG001404|-|414|2|1|1|XA04TEX|-|1.0|1.0|0.0|0.0|0.0|QROCK3X8|-|1.0|1.0|429.32505168|-1544.0|-384.0|-384.0|96.0|96.0|648.0|648.0|648.0|648.0
UTNTSkyEdge_tnt04a_447_0_terrain_1_0|447|0|2|1|470|512.0|6656.0|1024.0|6592.0|767.9379826327054|6623.503861061643|96.0|96.0|96.0|QROCK3|QROCK3X8|1.0|1.0|758.997451746|32.0|8|rock|-|SG001370|-|414|1|0|470|XA04TEX|-|1.0|1.0|0.0|0.0|0.0|QROCK3X8|-|1.0|1.0|758.997451746|32.0|-384.0|-384.0|96.0|96.0|648.0|648.0|448.0|448.0
UTNTSkyEdge_tnt04a_447_0_terrain_1_1|447|0|2|1|470|512.0|6656.0|1024.0|6592.0|768.0620173672946|6624.496138938357|96.0|96.0|96.0|QROCK3|XA04TEX|1.0|1.0|0.0|0.0|8|gravel|-|SG001371|-|401|1|1|470|XA04TEX|-|1.0|1.0|0.0|0.0|0.0|QROCK3X8|-|1.0|1.0|758.997451746|32.0|-384.0|-384.0|96.0|96.0|648.0|648.0|448.0|448.0
UTNTSkyEdge_tnt04a_447_0_terrain_2_1|447|0|2|1|1|512.0|6656.0|1024.0|6592.0|767.9379826327054|6623.503861061643|-384.0|-384.0|-384.0|QROCK3|XA04TEX|1.0|1.0|0.0|0.0|14|gravel|-|SG001405|-|414|2|1|1|XA04TEX|-|1.0|1.0|0.0|0.0|0.0|QROCK3X8|-|1.0|1.0|758.997451746|32.0|-384.0|-384.0|96.0|96.0|648.0|648.0|448.0|448.0
UTNTSkyEdge_tnt04a_448_0_terrain_2_1|448|0|1|470|470|832.0|7104.0|1024.0|7040.0|927.8418861169915|7071.5256583509745|96.0|96.0|96.0|QROCK3X8|XA04TEX|1.0|1.0|0.0|0.0|14|gravel|-|SG001406|-|401|2|1|470|XA04TEX|-|1.0|1.0|0.0|0.0|0.0|QROCK3X8|-|1.0|1.0|256.0|64.0|96.0|96.0|0|0|448.0|448.0|0|0
UTNTSkyEdge_tnt04a_450_0_terrain_1_0|450|0|2|445|96|2048.0|4480.0|1956.0|4547.0|2002.2943470070861|4513.904177979879|-30.377199413489738|-38.49853372434018|-22.255865102639298|QROCK3|QROCK3X8|1.0|1.0|61.0|200.0|8|rock|-|SG001407|-|421|1|0|96|XA04TEX|-|1.0|1.0|0.0|0.0|0.0|QROCK3X8|-|1.0|1.0|61.0|200.0|-108.0|-85.96052631578948|-38.49853372434018|-22.255865102639298|648.0|648.0|648.0|648.0
UTNTSkyEdge_tnt04a_450_0_terrain_1_1|450|0|2|445|96|2048.0|4480.0|1956.0|4547.0|2001.7056529929139|4513.095822020121|-30.377199413489738|-38.49853372434018|-22.255865102639298|QROCK3|XA04TEX|1.0|1.0|0.0|0.0|8|gravel|-|SG001397|-|420|1|1|96|XA04TEX|-|1.0|1.0|0.0|0.0|0.0|QROCK3X8|-|1.0|1.0|61.0|200.0|-108.0|-85.96052631578948|-38.49853372434018|-22.255865102639298|648.0|648.0|648.0|648.0
UTNTSkyEdge_tnt04a_451_0_terrain_1_0|451|0|2|445|96|1956.0|4547.0|1874.0|4626.0|1915.3469052201651|4586.860078836121|-13.087609970674487|-22.255865102639298|-3.9193548387096775|QROCK3|QROCK3X8|1.0|1.0|174.811247247|200.0|8|rock|-|SG001407|-|421|1|0|96|XA04TEX|-|1.0|1.0|0.0|0.0|0.0|QROCK3X8|-|1.0|1.0|174.811247247|200.0|-85.96052631578948|-59.973684210526315|-22.255865102639298|-3.9193548387096775|648.0|648.0|648.0|648.0
UTNTSkyEdge_tnt04a_451_0_terrain_1_1|451|0|2|445|96|1956.0|4547.0|1874.0|4626.0|1914.6530947798349|4586.139921163879|-13.087609970674487|-22.255865102639298|-3.9193548387096775|QROCK3|XA04TEX|1.0|1.0|0.0|0.0|8|gravel|-|SG001397|-|420|1|1|96|XA04TEX|-|1.0|1.0|0.0|0.0|0.0|QROCK3X8|-|1.0|1.0|174.811247247|200.0|-85.96052631578948|-59.973684210526315|-22.255865102639298|-3.9193548387096775|648.0|648.0|648.0|648.0
UTNTSkyEdge_tnt04a_452_0_terrain_1_0|452|0|2|445|96|1874.0|4626.0|1802.0|4714.0|1838.3869786496016|4670.316618895129|5.995601173020527|-3.9193548387096775|15.910557184750733|QROCK3|QROCK3X8|1.0|1.0|288.675201157|200.0|7.509899675875906|rock|-|SG001407|-|421|1|0|96|XA04TEX|-|1.0|1.0|0.0|0.0|0.0|QROCK3X8|-|1.0|1.0|288.675201157|200.0|-59.973684210526315|-31.026315789473685|-3.9193548387096775|15.910557184750733|648.0|648.0|648.0|648.0
UTNTSkyEdge_tnt04a_452_0_terrain_1_1|452|0|2|445|96|1874.0|4626.0|1802.0|4714.0|1837.6130213503984|4669.683381104871|5.995601173020527|-3.9193548387096775|15.910557184750733|QROCK3|XA04TEX|1.0|1.0|0.0|0.0|7.509899675875906|gravel|-|SG001397|-|420|1|1|96|XA04TEX|-|1.0|1.0|0.0|0.0|0.0|QROCK3X8|-|1.0|1.0|288.675201157|200.0|-59.973684210526315|-31.026315789473685|-3.9193548387096775|15.910557184750733|648.0|648.0|648.0|648.0
UTNTSkyEdge_tnt04a_453_0_terrain_1_0|453|0|2|445|96|1802.0|4714.0|1742.0|4810.0|1772.4239991520026|4762.264999470001|26.441348973607038|15.910557184750733|36.97214076246334|QROCK3|QROCK3X8|1.0|1.0|402.376564386|200.0|5.827121469362555|rock|-|SG001407|-|421|1|0|96|XA04TEX|-|1.0|1.0|0.0|0.0|0.0|QROCK3X8|-|1.0|1.0|402.376564386|200.0|-31.026315789473685|0.5526315789473685|15.910557184750733|36.97214076246334|648.0|648.0|648.0|648.0
UTNTSkyEdge_tnt04a_453_0_terrain_1_1|453|0|2|445|96|1802.0|4714.0|1742.0|4810.0|1771.5760008479974|4761.735000529999|26.441348973607038|15.910557184750733|36.97214076246334|QROCK3|XA04TEX|1.0|1.0|0.0|0.0|5.827121469362555|gravel|-|SG001397|-|420|1|1|96|XA04TEX|-|1.0|1.0|0.0|0.0|0.0|QROCK3X8|-|1.0|1.0|402.376564386|200.0|-31.026315789473685|0.5526315789473685|15.910557184750733|36.97214076246334|648.0|648.0|648.0|648.0
UTNTSkyEdge_tnt04a_454_0_terrain_1_0|454|0|2|445|96|1742.0|4810.0|1694.0|4914.0|1718.4539796922502|4862.209529088731|48.118768328445746|36.97214076246334|59.26539589442815|QROCK3|QROCK3X8|1.0|1.0|515.58433797|200.0|3.92035807995061|rock|-|SG001407|-|421|1|0|96|XA04TEX|-|1.0|1.0|0.0|0.0|0.0|QROCK3X8|-|1.0|1.0|515.58433797|200.0|0.5526315789473685|34.76315789473684|36.97214076246334|59.26539589442815|648.0|648.0|648.0|648.0
UTNTSkyEdge_tnt04a_454_0_terrain_1_1|454|0|2|445|96|1742.0|4810.0|1694.0|4914.0|1717.5460203077498|4861.790470911269|48.118768328445746|36.97214076246334|59.26539589442815|QROCK3|XA04TEX|1.0|1.0|0.0|0.0|3.92035807995061|gravel|-|SG001397|-|420|1|1|96|XA04TEX|-|1.0|1.0|0.0|0.0|0.0|QROCK3X8|-|1.0|1.0|515.58433797|200.0|0.5526315789473685|34.76315789473684|36.97214076246334|59.26539589442815|648.0|648.0|648.0|648.0
UTNTSkyEdge_tnt04a_462_0_terrain_1_0|462|0|2|445|443|1982.0|4847.0|2040.0|4781.0|2010.624417550775|4813.669942696136|19.338068181818183|29.011363636363637|9.664772727272727|QROCK3|QROCK3X8|1.0|1.0|0.0|152.0|2.6060287081339717|rock|-|SG001407|-|421|1|0|443|XA04TEX|-|1.0|1.0|0.0|0.0|0.0|QROCK3X8|-|1.0|1.0|0.0|152.0|12.723684210526315|-8.986842105263158|29.011363636363637|9.664772727272727|648.0|648.0|648.0|648.0
UTNTSkyEdge_tnt04a_462_0_terrain_1_1|462|0|2|445|443|1982.0|4847.0|2040.0|4781.0|2011.375582449225|4814.330057303864|19.338068181818183|29.011363636363637|9.664772727272727|QROCK3|XA04TEX|1.0|1.0|0.0|0.0|2.6060287081339717|gravel|-|SG001391|-|417|1|1|443|XA04TEX|-|1.0|1.0|0.0|0.0|0.0|QROCK3X8|-|1.0|1.0|0.0|152.0|12.723684210526315|-8.986842105263158|29.011363636363637|9.664772727272727|648.0|648.0|648.0|648.0
UTNTSkyEdge_tnt04a_463_0_terrain_1_0|463|0|2|445|443|2040.0|4781.0|2104.0|4722.0|2071.6610985926304|4751.132378134379|0.7585227272727273|9.664772727272727|-8.147727272727273|QROCK3|QROCK3X8|1.0|1.0|0.0|152.0|2.9842583732057415|rock|-|SG001407|-|421|1|0|443|XA04TEX|-|1.0|1.0|0.0|0.0|0.0|QROCK3X8|-|1.0|1.0|0.0|152.0|-8.986842105263158|-28.394736842105264|9.664772727272727|-8.147727272727273|648.0|648.0|648.0|648.0
UTNTSkyEdge_tnt04a_463_0_terrain_1_1|463|0|2|445|443|2040.0|4781.0|2104.0|4722.0|2072.3389014073696|4751.867621865621|0.7585227272727273|9.664772727272727|-8.147727272727273|QROCK3|XA04TEX|1.0|1.0|0.0|0.0|2.9842583732057415|gravel|-|SG001391|-|417|1|1|443|XA04TEX|-|1.0|1.0|0.0|0.0|0.0|QROCK3X8|-|1.0|1.0|0.0|152.0|-8.986842105263158|-28.394736842105264|9.664772727272727|-8.147727272727273|648.0|648.0|648.0|648.0
UTNTSkyEdge_tnt04a_464_0_terrain_1_0|464|0|2|445|443|2104.0|4722.0|2176.0|4672.0|2139.7148020952523|4696.589315017163|-16.073863636363637|-8.147727272727273|-24.0|QROCK3|QROCK3X8|1.0|1.0|87.045964869|152.0|3.2395215311004786|rock|-|SG001407|-|421|1|0|443|XA04TEX|-|1.0|1.0|0.0|0.0|0.0|QROCK3X8|-|1.0|1.0|87.045964869|152.0|-28.394736842105264|-44.8421052631579|-8.147727272727273|-24.0|648.0|648.0|648.0|648.0
UTNTSkyEdge_tnt04a_464_0_terrain_1_1|464|0|2|445|443|2104.0|4722.0|2176.0|4672.0|2140.2851979047477|4697.410684982837|-16.073863636363637|-8.147727272727273|-24.0|QROCK3|XA04TEX|1.0|1.0|0.0|0.0|3.2395215311004786|gravel|-|SG001391|-|417|1|1|443|XA04TEX|-|1.0|1.0|0.0|0.0|0.0|QROCK3X8|-|1.0|1.0|87.045964869|152.0|-28.394736842105264|-44.8421052631579|-8.147727272727273|-24.0|648.0|648.0|648.0|648.0
UTNTSkyEdge_tnt04a_495_0_terrain_1_0|495|0|2|1|96|1216.0|5024.0|1152.0|4864.0|1183.5357616545573|4944.185695338177|80.97360703812316|96.0|65.94721407624634|QROCK3|QROCK3X8|1.0|1.0|467.350696462|-1544.0|8|rock|-|SG001370|-|414|1|0|96|XA04TEX|-|1.0|1.0|0.0|0.0|0.0|QROCK3X8|-|1.0|1.0|467.350696462|-1544.0|-384.0|-384.0|96.0|65.94721407624634|648.0|648.0|648.0|648.0
UTNTSkyEdge_tnt04a_495_0_terrain_1_1|495|0|2|1|96|1216.0|5024.0|1152.0|4864.0|1184.4642383454427|4943.814304661823|80.97360703812316|96.0|65.94721407624634|QROCK3|XA04TEX|1.0|1.0|0.0|0.0|8|gravel|-|SG001397|-|420|1|1|96|XA04TEX|-|1.0|1.0|0.0|0.0|0.0|QROCK3X8|-|1.0|1.0|467.350696462|-1544.0|-384.0|-384.0|96.0|65.94721407624634|648.0|648.0|648.0|648.0
UTNTSkyEdge_tnt04a_495_0_terrain_2_1|495|0|2|1|1|1216.0|5024.0|1152.0|4864.0|1183.5357616545573|4944.185695338177|-384.0|-384.0|-384.0|QROCK3|XA04TEX|1.0|1.0|0.0|0.0|14|gravel|-|SG001396|-|414|2|1|1|XA04TEX|-|1.0|1.0|0.0|0.0|0.0|QROCK3X8|-|1.0|1.0|467.350696462|-1544.0|-384.0|-384.0|96.0|65.94721407624634|648.0|648.0|648.0|648.0
UTNTSkyEdge_tnt04a_534_0_terrain_2_1|534|0|1|3|3|-824.0|8016.0|-768.0|7680.0|-796.493196961916|7847.917800506348|184.0|240.0|128.0|QROCK3X8|XA04TEX|1.0|1.0|0.0|0.0|14|gravel|-|SG001408|-|405|2|1|3|XA04TEX|-|1.0|1.0|0.0|0.0|0.0|QROCK3X8|-|1.0|1.0|982.851732674|192.0|240.0|128.0|0|0|448.0|448.0|0|0
UTNTSkyEdge_tnt04a_536_0_terrain_1_0|536|0|2|1|9|96.0|4576.0|-32.0|5216.0|32.49029033784546|4896.098058067569|96.0|96.0|96.0|QROCK3|QROCK3X8|1.0|1.0|623.790876485|-1544.0|8|rock|-|SG001370|-|414|1|0|9|XA04TEX|-|1.0|1.0|0.0|0.0|0.0|QROCK3X8|-|1.0|1.0|623.790876485|-1544.0|-384.0|-384.0|96.0|96.0|648.0|648.0|648.0|648.0
UTNTSkyEdge_tnt04a_536_0_terrain_1_1|536|0|2|1|9|96.0|4576.0|-32.0|5216.0|31.50970966215454|4895.901941932431|96.0|96.0|96.0|QROCK3|XA04TEX|1.0|1.0|0.0|0.0|8|gravel|-|SG001382|-|415|1|1|9|XA04TEX|-|1.0|1.0|0.0|0.0|0.0|QROCK3X8|-|1.0|1.0|623.790876485|-1544.0|-384.0|-384.0|96.0|96.0|648.0|648.0|648.0|648.0
UTNTSkyEdge_tnt04a_536_0_terrain_2_1|536|0|2|1|1|96.0|4576.0|-32.0|5216.0|32.49029033784546|4896.098058067569|-384.0|-384.0|-384.0|QROCK3|XA04TEX|1.0|1.0|0.0|0.0|14|gravel|-|SG001409|-|414|2|1|1|XA04TEX|-|1.0|1.0|0.0|0.0|0.0|QROCK3X8|-|1.0|1.0|623.790876485|-1544.0|-384.0|-384.0|96.0|96.0|648.0|648.0|648.0|648.0
UTNTSkyEdge_tnt04a_537_0_terrain_1_0|537|0|2|1|9|-32.0|4192.0|96.0|4576.0|32.474341649025256|4383.841886116991|96.0|96.0|96.0|QROCK3|QROCK3X8|1.0|1.0|219.019335984|-1544.0|8|rock|-|SG001370|-|414|1|0|9|XA04TEX|-|1.0|1.0|0.0|0.0|0.0|QROCK3X8|-|1.0|1.0|219.019335984|-1544.0|-384.0|-384.0|96.0|96.0|648.0|648.0|648.0|648.0
UTNTSkyEdge_tnt04a_537_0_terrain_1_1|537|0|2|1|9|-32.0|4192.0|96.0|4576.0|31.525658350974744|4384.158113883009|96.0|96.0|96.0|QROCK3|XA04TEX|1.0|1.0|0.0|0.0|8|gravel|-|SG001382|-|415|1|1|9|XA04TEX|-|1.0|1.0|0.0|0.0|0.0|QROCK3X8|-|1.0|1.0|219.019335984|-1544.0|-384.0|-384.0|96.0|96.0|648.0|648.0|648.0|648.0
UTNTSkyEdge_tnt04a_537_0_terrain_2_1|537|0|2|1|1|-32.0|4192.0|96.0|4576.0|32.474341649025256|4383.841886116991|-384.0|-384.0|-384.0|QROCK3|XA04TEX|1.0|1.0|0.0|0.0|14|gravel|-|SG001410|-|414|2|1|1|XA04TEX|-|1.0|1.0|0.0|0.0|0.0|QROCK3X8|-|1.0|1.0|219.019335984|-1544.0|-384.0|-384.0|96.0|96.0|648.0|648.0|648.0|648.0
UTNTSkyEdge_tnt04a_540_0_terrain_1_0|540|0|2|1|108|-1568.0|2912.0|-1312.0|3168.0|-1439.6464466094067|3039.6464466094067|96.0|96.0|96.0|QROCK3|QROCK3X8|1.0|1.0|811.855046101|-1544.0|8|rock|-|SG001370|-|414|1|0|108|XA04TEX|-|1.0|1.0|0.0|0.0|0.0|QROCK3X8|-|1.0|1.0|811.855046101|-1544.0|-384.0|-384.0|96.0|96.0|648.0|648.0|648.0|648.0
UTNTSkyEdge_tnt04a_540_0_terrain_1_1|540|0|2|1|108|-1568.0|2912.0|-1312.0|3168.0|-1440.3535533905933|3040.3535533905933|96.0|96.0|96.0|QROCK3|XA04TEX|1.0|1.0|0.0|0.0|8|gravel|-|SG001389|-|416|1|1|108|XA04TEX|-|1.0|1.0|0.0|0.0|0.0|QROCK3X8|-|1.0|1.0|811.855046101|-1544.0|-384.0|-384.0|96.0|96.0|648.0|648.0|648.0|648.0
UTNTSkyEdge_tnt04a_540_0_terrain_2_1|540|0|2|1|1|-1568.0|2912.0|-1312.0|3168.0|-1439.6464466094067|3039.6464466094067|-384.0|-384.0|-384.0|QROCK3|XA04TEX|1.0|1.0|0.0|0.0|14|gravel|-|SG001411|-|414|2|1|1|XA04TEX|-|1.0|1.0|0.0|0.0|0.0|QROCK3X8|-|1.0|1.0|811.855046101|-1544.0|-384.0|-384.0|96.0|96.0|648.0|648.0|648.0|648.0
UTNTSkyEdge_tnt04a_541_0_terrain_1_0|541|0|2|1|108|-2080.0|2656.0|-1568.0|2912.0|-1823.7763932022501|2783.5527864045002|96.0|96.0|96.0|QROCK3|QROCK3X8|1.0|1.0|239.421643861|-1544.0|8|rock|-|SG001370|-|414|1|0|108|XA04TEX|-|1.0|1.0|0.0|0.0|0.0|QROCK3X8|-|1.0|1.0|239.421643861|-1544.0|-384.0|-384.0|96.0|96.0|648.0|648.0|648.0|648.0
UTNTSkyEdge_tnt04a_541_0_terrain_1_1|541|0|2|1|108|-2080.0|2656.0|-1568.0|2912.0|-1824.2236067977499|2784.4472135954998|96.0|96.0|96.0|QROCK3|XA04TEX|1.0|1.0|0.0|0.0|8|gravel|-|SG001389|-|416|1|1|108|XA04TEX|-|1.0|1.0|0.0|0.0|0.0|QROCK3X8|-|1.0|1.0|239.421643861|-1544.0|-384.0|-384.0|96.0|96.0|648.0|648.0|648.0|648.0
UTNTSkyEdge_tnt04a_541_0_terrain_2_1|541|0|2|1|1|-2080.0|2656.0|-1568.0|2912.0|-1823.7763932022501|2783.5527864045002|-384.0|-384.0|-384.0|QROCK3|XA04TEX|1.0|1.0|0.0|0.0|14|gravel|-|SG001412|-|414|2|1|1|XA04TEX|-|1.0|1.0|0.0|0.0|0.0|QROCK3X8|-|1.0|1.0|239.421643861|-1544.0|-384.0|-384.0|96.0|96.0|648.0|648.0|648.0|648.0
UTNTSkyEdge_tnt04a_542_0_terrain_1_0|542|0|2|1|9|-160.0|4064.0|-32.0|4192.0|-95.64644660940672|4127.646446609407|96.0|96.0|96.0|QROCK3|QROCK3X8|1.0|1.0|38.0|-1544.0|8|rock|-|SG001370|-|414|1|0|9|XA04TEX|-|1.0|1.0|0.0|0.0|0.0|QROCK3X8|-|1.0|1.0|38.0|-1544.0|-384.0|-384.0|96.0|96.0|648.0|648.0|648.0|648.0
UTNTSkyEdge_tnt04a_542_0_terrain_1_1|542|0|2|1|9|-160.0|4064.0|-32.0|4192.0|-96.35355339059328|4128.353553390593|96.0|96.0|96.0|QROCK3|XA04TEX|1.0|1.0|0.0|0.0|8|gravel|-|SG001382|-|415|1|1|9|XA04TEX|-|1.0|1.0|0.0|0.0|0.0|QROCK3X8|-|1.0|1.0|38.0|-1544.0|-384.0|-384.0|96.0|96.0|648.0|648.0|648.0|648.0
UTNTSkyEdge_tnt04a_542_0_terrain_2_1|542|0|2|1|1|-160.0|4064.0|-32.0|4192.0|-95.64644660940672|4127.646446609407|-384.0|-384.0|-384.0|QROCK3|XA04TEX|1.0|1.0|0.0|0.0|14|gravel|-|SG001413|-|414|2|1|1|XA04TEX|-|1.0|1.0|0.0|0.0|0.0|QROCK3X8|-|1.0|1.0|38.0|-1544.0|-384.0|-384.0|96.0|96.0|648.0|648.0|648.0|648.0
UTNTSkyEdge_tnt04a_565_0_terrain_1_0|565|0|2|1|108|-2592.0|3296.0|-2656.0|3168.0|-2624.4472135954998|3232.22360679775|96.0|96.0|96.0|QROCK3|QROCK3X8|1.0|1.0|286.21670112|-1544.0|8|rock|-|SG001370|-|414|1|0|108|XA04TEX|-|1.0|1.0|0.0|0.0|0.0|QROCK3X8|-|1.0|1.0|286.21670112|-1544.0|-384.0|-384.0|96.0|96.0|648.0|648.0|648.0|648.0
UTNTSkyEdge_tnt04a_565_0_terrain_1_1|565|0|2|1|108|-2592.0|3296.0|-2656.0|3168.0|-2623.5527864045002|3231.77639320225|96.0|96.0|96.0|QROCK3|XA04TEX|1.0|1.0|0.0|0.0|8|gravel|-|SG001389|-|416|1|1|108|XA04TEX|-|1.0|1.0|0.0|0.0|0.0|QROCK3X8|-|1.0|1.0|286.21670112|-1544.0|-384.0|-384.0|96.0|96.0|648.0|648.0|648.0|648.0
UTNTSkyEdge_tnt04a_1479_0_terrain_1_0|1479|0|2|435|417|-584.0|7216.0|-544.0|7200.0|-564.1856953381771|7207.535761654557|128.0|128.0|128.0|QROCK3|QROCK3X8|1.0|1.0|117.002081539|0.0|2.56|rock|-|SG001354|-|412|1|0|417|XA04TEX|-|1.0|1.0|0.0|0.0|0.0|QROCK3X8|-|1.0|1.0|117.002081539|0.0|112.0|112.0|128.0|128.0|448.0|448.0|448.0|448.0
UTNTSkyEdge_tnt04a_1479_0_terrain_1_1|1479|0|2|435|417|-584.0|7216.0|-544.0|7200.0|-563.8143046618229|7208.464238345443|128.0|128.0|128.0|QROCK3|XA04TEX|1.0|1.0|0.0|0.0|2.56|gravel|-|SG001414|-|411|1|1|417|XA04TEX|-|1.0|1.0|0.0|0.0|0.0|QROCK3X8|-|1.0|1.0|117.002081539|0.0|112.0|112.0|128.0|128.0|448.0|448.0|448.0|448.0
UTNTSkyEdge_tnt04a_1786_0_terrain_1_0|1786|0|2|435|417|-544.0|7200.0|-512.0|7232.0|-527.6464466094068|7215.646446609407|128.0|128.0|128.0|QROCK3|QROCK3X8|1.0|1.0|160.083399997|0.0|2.56|rock|-|SG001354|-|412|1|0|417|XA04TEX|-|1.0|1.0|0.0|0.0|0.0|QROCK3X8|-|1.0|1.0|160.083399997|0.0|112.0|112.0|128.0|128.0|448.0|448.0|448.0|448.0
UTNTSkyEdge_tnt04a_1786_0_terrain_1_1|1786|0|2|435|417|-544.0|7200.0|-512.0|7232.0|-528.3535533905932|7216.353553390593|128.0|128.0|128.0|QROCK3|XA04TEX|1.0|1.0|0.0|0.0|2.56|gravel|-|SG001414|-|411|1|1|417|XA04TEX|-|1.0|1.0|0.0|0.0|0.0|QROCK3X8|-|1.0|1.0|160.083399997|0.0|112.0|112.0|128.0|128.0|448.0|448.0|448.0|448.0
UTNTSkyEdge_tnt04a_1788_0_terrain_1_0|1788|0|2|435|417|-624.0|7248.0|-584.0|7216.0|-604.3123475237772|7231.609565595279|128.0|128.0|128.0|QROCK3|QROCK3X8|1.0|1.0|65.77708764|0.0|2.56|rock|-|SG001354|-|412|1|0|417|XA04TEX|-|1.0|1.0|0.0|0.0|0.0|QROCK3X8|-|1.0|1.0|65.77708764|0.0|112.0|112.0|128.0|128.0|448.0|448.0|448.0|448.0
UTNTSkyEdge_tnt04a_1788_0_terrain_1_1|1788|0|2|435|417|-624.0|7248.0|-584.0|7216.0|-603.6876524762228|7232.390434404721|128.0|128.0|128.0|QROCK3|XA04TEX|1.0|1.0|0.0|0.0|2.56|gravel|-|SG001414|-|411|1|1|417|XA04TEX|-|1.0|1.0|0.0|0.0|0.0|QROCK3X8|-|1.0|1.0|65.77708764|0.0|112.0|112.0|128.0|128.0|448.0|448.0|448.0|448.0
UTNTSkyEdge_tnt04a_1789_0_terrain_1_0|1789|0|2|435|417|-608.0|7280.0|-624.0|7248.0|-616.4472135955|7264.22360679775|128.0|128.0|128.0|QROCK3|QROCK3X8|1.0|1.0|30.0|0.0|2.56|rock|-|SG001354|-|412|1|0|417|XA04TEX|-|1.0|1.0|0.0|0.0|0.0|QROCK3X8|-|1.0|1.0|30.0|0.0|112.0|112.0|128.0|128.0|448.0|448.0|448.0|448.0
UTNTSkyEdge_tnt04a_1789_0_terrain_1_1|1789|0|2|435|417|-608.0|7280.0|-624.0|7248.0|-615.5527864045|7263.77639320225|128.0|128.0|128.0|QROCK3|XA04TEX|1.0|1.0|0.0|0.0|2.56|gravel|-|SG001414|-|411|1|1|417|XA04TEX|-|1.0|1.0|0.0|0.0|0.0|QROCK3X8|-|1.0|1.0|30.0|0.0|112.0|112.0|128.0|128.0|448.0|448.0|448.0|448.0
UTNTSkyEdge_tnt04a_1791_0_terrain_1_0|1791|0|2|436|435|-496.0|7184.0|-480.0|7216.0|-487.55278640450007|7199.77639320225|112.0|112.0|112.0|QROCK3|QROCK3X8|1.0|1.0|318.048110175|16.0|2.56|rock|-|SG001344|-|402|1|0|435|XA04TEX|-|1.0|1.0|0.0|0.0|0.0|QROCK3X8|-|1.0|1.0|318.048110175|16.0|96.0|96.0|112.0|112.0|448.0|448.0|448.0|448.0
UTNTSkyEdge_tnt04a_1791_0_terrain_1_1|1791|0|2|436|435|-496.0|7184.0|-480.0|7216.0|-488.44721359549993|7200.22360679775|112.0|112.0|112.0|QROCK3|XA04TEX|1.0|1.0|0.0|0.0|2.56|gravel|-|SG001415|-|412|1|1|435|XA04TEX|-|1.0|1.0|0.0|0.0|0.0|QROCK3X8|-|1.0|1.0|318.048110175|16.0|96.0|96.0|112.0|112.0|448.0|448.0|448.0|448.0
UTNTSkyEdge_tnt04a_1792_0_terrain_1_0|1792|0|2|436|435|-560.0|7160.0|-496.0|7184.0|-527.8244382792058|7171.531835411215|112.0|112.0|112.0|QROCK3|QROCK3X8|1.0|1.0|249.696080212|16.0|2.56|rock|-|SG001344|-|402|1|0|435|XA04TEX|-|1.0|1.0|0.0|0.0|0.0|QROCK3X8|-|1.0|1.0|249.696080212|16.0|96.0|96.0|112.0|112.0|448.0|448.0|448.0|448.0
UTNTSkyEdge_tnt04a_1792_0_terrain_1_1|1792|0|2|436|435|-560.0|7160.0|-496.0|7184.0|-528.1755617207942|7172.468164588785|112.0|112.0|112.0|QROCK3|XA04TEX|1.0|1.0|0.0|0.0|2.56|gravel|-|SG001415|-|412|1|1|435|XA04TEX|-|1.0|1.0|0.0|0.0|0.0|QROCK3X8|-|1.0|1.0|249.696080212|16.0|96.0|96.0|112.0|112.0|448.0|448.0|448.0|448.0
UTNTSkyEdge_tnt04a_1793_0_terrain_1_0|1793|0|2|436|435|-640.0|7192.0|-560.0|7160.0|-600.1856953381771|7175.535761654557|112.0|112.0|112.0|QROCK3|QROCK3X8|1.0|1.0|163.533443298|16.0|2.56|rock|-|SG001344|-|402|1|0|435|XA04TEX|-|1.0|1.0|0.0|0.0|0.0|QROCK3X8|-|1.0|1.0|163.533443298|16.0|96.0|96.0|112.0|112.0|448.0|448.0|448.0|448.0
UTNTSkyEdge_tnt04a_1793_0_terrain_1_1|1793|0|2|436|435|-640.0|7192.0|-560.0|7160.0|-599.8143046618229|7176.464238345443|112.0|112.0|112.0|QROCK3|XA04TEX|1.0|1.0|0.0|0.0|2.56|gravel|-|SG001415|-|412|1|1|435|XA04TEX|-|1.0|1.0|0.0|0.0|0.0|QROCK3X8|-|1.0|1.0|163.533443298|16.0|96.0|96.0|112.0|112.0|448.0|448.0|448.0|448.0
UTNTSkyEdge_tnt04a_1794_0_terrain_1_0|1794|0|2|436|435|-656.0|7264.0|-640.0|7192.0|-648.488093530092|7227.891534771091|112.0|112.0|112.0|QROCK3|QROCK3X8|1.0|1.0|89.77708764|16.0|2.56|rock|-|SG001344|-|402|1|0|435|XA04TEX|-|1.0|1.0|0.0|0.0|0.0|QROCK3X8|-|1.0|1.0|89.77708764|16.0|96.0|96.0|112.0|112.0|448.0|448.0|448.0|448.0
UTNTSkyEdge_tnt04a_1794_0_terrain_1_1|1794|0|2|436|435|-656.0|7264.0|-640.0|7192.0|-647.511906469908|7228.108465228909|112.0|112.0|112.0|QROCK3|XA04TEX|1.0|1.0|0.0|0.0|2.56|gravel|-|SG001415|-|412|1|1|435|XA04TEX|-|1.0|1.0|0.0|0.0|0.0|QROCK3X8|-|1.0|1.0|89.77708764|16.0|96.0|96.0|112.0|112.0|448.0|448.0|448.0|448.0
UTNTSkyEdge_tnt04a_1795_0_terrain_1_0|1795|0|2|436|435|-640.0|7296.0|-656.0|7264.0|-648.4472135955|7280.22360679775|112.0|112.0|112.0|QROCK3|QROCK3X8|1.0|1.0|54.0|16.0|2.56|rock|-|SG001344|-|402|1|0|435|XA04TEX|-|1.0|1.0|0.0|0.0|0.0|QROCK3X8|-|1.0|1.0|54.0|16.0|96.0|96.0|112.0|112.0|448.0|448.0|448.0|448.0
UTNTSkyEdge_tnt04a_1795_0_terrain_1_1|1795|0|2|436|435|-640.0|7296.0|-656.0|7264.0|-647.5527864045|7279.77639320225|112.0|112.0|112.0|QROCK3|XA04TEX|1.0|1.0|0.0|0.0|2.56|gravel|-|SG001415|-|412|1|1|435|XA04TEX|-|1.0|1.0|0.0|0.0|0.0|QROCK3X8|-|1.0|1.0|54.0|16.0|96.0|96.0|112.0|112.0|448.0|448.0|448.0|448.0
UTNTSkyEdge_tnt04a_1937_0_terrain_2_1|1937|0|1|436|436|-1280.0|7296.0|-1152.0|7424.0|-1215.6464466094067|7359.646446609407|96.0|96.0|96.0|QROCK3X8|XA04TEX|1.0|1.0|0.0|0.0|14|gravel|-|SG001416|-|402|2|1|436|XA04TEX|-|1.0|1.0|0.0|0.0|0.0|QROCK3X8|-|1.0|1.0|16.0|64.0|96.0|96.0|0|0|448.0|448.0|0|0
UTNTSkyEdge_tnt04a_1938_0_terrain_2_1|1938|0|1|470|470|-1728.0|7104.0|-1600.0|7296.0|-1663.583974852831|7199.722649901887|96.0|96.0|96.0|QROCK3|XA04TEX|1.0|1.0|0.0|0.0|14|gravel|-|SG001417|-|401|2|1|470|XA04TEX|-|1.0|1.0|0.0|0.0|0.0|QROCK3X8|-|1.0|1.0|387.385770251|64.0|96.0|96.0|0|0|448.0|448.0|0|0
UTNTSkyEdge_tnt04a_1979_0_terrain_1_0|1979|0|2|111|489|-2112.0|4016.0|-2160.0|4032.0|-2135.8418861169916|4024.474341649025|96.0|96.0|96.0|QROCK3|QROCK3X8|1.0|1.0|275.83943825|32.0|8|rock|-|SG001418|-|422|1|0|489|XA04TEX|-|1.0|1.0|0.0|0.0|0.0|QROCK3X8|-|1.0|1.0|275.83943825|32.0|-48.0|-48.0|96.0|96.0|648.0|648.0|648.0|648.0
UTNTSkyEdge_tnt04a_1979_0_terrain_1_1|1979|0|2|111|489|-2112.0|4016.0|-2160.0|4032.0|-2136.1581138830084|4023.525658350975|96.0|96.0|96.0|QROCK3|XA04TEX|1.0|1.0|0.0|0.0|8|gravel|-|SG001419|-|423|1|1|489|XA04TEX|-|1.0|1.0|0.0|0.0|0.0|QROCK3X8|-|1.0|1.0|275.83943825|32.0|-48.0|-48.0|96.0|96.0|648.0|648.0|648.0|648.0
UTNTSkyEdge_tnt04a_1981_0_terrain_1_0|1981|0|2|111|489|-2208.0|3936.0|-2240.0|3968.0|-2223.6464466094067|3952.3535533905933|96.0|96.0|96.0|QROCK3|QROCK3X8|1.0|1.0|67.77708764|32.0|8|rock|-|SG001418|-|422|1|0|489|XA04TEX|-|1.0|1.0|0.0|0.0|0.0|QROCK3X8|-|1.0|1.0|67.77708764|32.0|-48.0|-48.0|96.0|96.0|648.0|648.0|648.0|648.0
UTNTSkyEdge_tnt04a_1981_0_terrain_1_1|1981|0|2|111|489|-2208.0|3936.0|-2240.0|3968.0|-2224.3535533905933|3951.6464466094067|96.0|96.0|96.0|QROCK3|XA04TEX|1.0|1.0|0.0|0.0|8|gravel|-|SG001419|-|423|1|1|489|XA04TEX|-|1.0|1.0|0.0|0.0|0.0|QROCK3X8|-|1.0|1.0|67.77708764|32.0|-48.0|-48.0|96.0|96.0|648.0|648.0|648.0|648.0
UTNTSkyEdge_tnt04a_1983_0_terrain_1_0|1983|0|2|111|489|-2224.0|3872.0|-2208.0|3904.0|-2215.5527864045002|3887.77639320225|96.0|96.0|96.0|QROCK3|QROCK3X8|1.0|1.0|0.0|32.0|8|rock|-|SG001418|-|422|1|0|489|XA04TEX|-|1.0|1.0|0.0|0.0|0.0|QROCK3X8|-|1.0|1.0|0.0|32.0|-48.0|-48.0|96.0|96.0|648.0|648.0|648.0|648.0
UTNTSkyEdge_tnt04a_1983_0_terrain_1_1|1983|0|2|111|489|-2224.0|3872.0|-2208.0|3904.0|-2216.4472135954998|3888.22360679775|96.0|96.0|96.0|QROCK3|XA04TEX|1.0|1.0|0.0|0.0|8|gravel|-|SG001419|-|423|1|1|489|XA04TEX|-|1.0|1.0|0.0|0.0|0.0|QROCK3X8|-|1.0|1.0|0.0|32.0|-48.0|-48.0|96.0|96.0|648.0|648.0|648.0|648.0
UTNTSkyEdge_tnt04a_1989_0_terrain_2_1|1989|0|1|98|98|3360.0|7744.0|3680.0|8032.0|3520.3344823658113|7887.628352926877|-384.0|-384.0|-384.0|QROCK3X8|XA04TEX|1.0|1.0|0.0|0.0|14|gravel|-|SG001420|-|407|2|1|98|XA04TEX|-|1.0|1.0|0.0|0.0|0.0|QROCK3X8|-|1.0|1.0|1020.600971132|64.0|-384.0|-384.0|0|0|448.0|448.0|0|0
UTNTSkyEdge_tnt04a_1999_0_terrain_1_0|1999|0|2|111|489|-2240.0|3968.0|-2272.0|3968.0|-2256.0|3968.5|96.0|96.0|96.0|QROCK3|QROCK3X8|1.0|1.0|113.031921636|32.0|8|rock|-|SG001418|-|422|1|0|489|XA04TEX|-|1.0|1.0|0.0|0.0|0.0|QROCK3X8|-|1.0|1.0|113.031921636|32.0|-48.0|-48.0|96.0|96.0|648.0|648.0|648.0|648.0
UTNTSkyEdge_tnt04a_1999_0_terrain_1_1|1999|0|2|111|489|-2240.0|3968.0|-2272.0|3968.0|-2256.0|3967.5|96.0|96.0|96.0|QROCK3|XA04TEX|1.0|1.0|0.0|0.0|8|gravel|-|SG001419|-|423|1|1|489|XA04TEX|-|1.0|1.0|0.0|0.0|0.0|QROCK3X8|-|1.0|1.0|113.031921636|32.0|-48.0|-48.0|96.0|96.0|648.0|648.0|648.0|648.0
UTNTSkyEdge_tnt04a_2000_0_terrain_1_0|2000|0|2|111|489|-2160.0|4032.0|-2208.0|4016.0|-2184.1581138830084|4024.474341649025|96.0|96.0|96.0|QROCK3|QROCK3X8|1.0|1.0|326.435880813|32.0|8|rock|-|SG001418|-|422|1|0|489|XA04TEX|-|1.0|1.0|0.0|0.0|0.0|QROCK3X8|-|1.0|1.0|326.435880813|32.0|-48.0|-48.0|96.0|96.0|648.0|648.0|648.0|648.0
UTNTSkyEdge_tnt04a_2000_0_terrain_1_1|2000|0|2|111|489|-2160.0|4032.0|-2208.0|4016.0|-2183.8418861169916|4023.525658350975|96.0|96.0|96.0|QROCK3|XA04TEX|1.0|1.0|0.0|0.0|8|gravel|-|SG001419|-|423|1|1|489|XA04TEX|-|1.0|1.0|0.0|0.0|0.0|QROCK3X8|-|1.0|1.0|326.435880813|32.0|-48.0|-48.0|96.0|96.0|648.0|648.0|648.0|648.0
UTNTSkyEdge_tnt04a_2019_0_terrain_1_0|2019|0|2|111|489|-2208.0|3904.0|-2208.0|3936.0|-2207.5|3920.0|96.0|96.0|96.0|QROCK3|QROCK3X8|1.0|1.0|35.77708764|32.0|8|rock|-|SG001418|-|422|1|0|489|XA04TEX|-|1.0|1.0|0.0|0.0|0.0|QROCK3X8|-|1.0|1.0|35.77708764|32.0|-48.0|-48.0|96.0|96.0|648.0|648.0|648.0|648.0
UTNTSkyEdge_tnt04a_2019_0_terrain_1_1|2019|0|2|111|489|-2208.0|3904.0|-2208.0|3936.0|-2208.5|3920.0|96.0|96.0|96.0|QROCK3|XA04TEX|1.0|1.0|0.0|0.0|8|gravel|-|SG001419|-|423|1|1|489|XA04TEX|-|1.0|1.0|0.0|0.0|0.0|QROCK3X8|-|1.0|1.0|35.77708764|32.0|-48.0|-48.0|96.0|96.0|648.0|648.0|648.0|648.0
UTNTSkyEdge_tnt04a_2021_1_terrain_2_1|2021|1|2|98|98|3680.0|8032.0|3872.0|7808.0|3775.6203716988175|7919.674604313272|-384.0|-384.0|-384.0|QROCK3X8|XA04TEX|1.0|1.0|0.0|0.0|14|gravel|-|SG001421|-|407|2|1|98|XA04TEX|-|1.0|1.0|0.0|0.0|0.0|QROCK3X8|-|1.0|1.0|427.116940638|645.0|-384.0|-384.0|-133.0|-133.0|448.0|448.0|448.0|448.0
UTNTSkyEdge_tnt04a_2027_0_terrain_1_0|2027|0|2|111|489|-2208.0|3984.0|-2176.0|3952.0|-2192.3535533905933|3967.6464466094067|96.0|96.0|96.0|QROCK3|QROCK3X8|1.0|1.0|409.032323375|32.0|8|rock|-|SG001418|-|422|1|0|489|XA04TEX|-|1.0|1.0|0.0|0.0|0.0|QROCK3X8|-|1.0|1.0|409.032323375|32.0|-48.0|-48.0|96.0|96.0|648.0|648.0|648.0|648.0
UTNTSkyEdge_tnt04a_2027_0_terrain_1_1|2027|0|2|111|489|-2208.0|3984.0|-2176.0|3952.0|-2191.6464466094067|3968.3535533905933|96.0|96.0|96.0|QROCK3|XA04TEX|1.0|1.0|0.0|0.0|8|gravel|-|SG001419|-|423|1|1|489|XA04TEX|-|1.0|1.0|0.0|0.0|0.0|QROCK3X8|-|1.0|1.0|409.032323375|32.0|-48.0|-48.0|96.0|96.0|648.0|648.0|648.0|648.0
UTNTSkyEdge_tnt04a_2028_0_terrain_1_0|2028|0|2|111|489|-2096.0|4048.0|-2064.0|4032.0|-2080.22360679775|4039.5527864045002|96.0|96.0|96.0|QROCK3|QROCK3X8|1.0|1.0|189.465908047|32.0|8|rock|-|SG001418|-|422|1|0|489|XA04TEX|-|1.0|1.0|0.0|0.0|0.0|QROCK3X8|-|1.0|1.0|189.465908047|32.0|-48.0|-48.0|96.0|96.0|648.0|648.0|648.0|648.0
UTNTSkyEdge_tnt04a_2028_0_terrain_1_1|2028|0|2|111|489|-2096.0|4048.0|-2064.0|4032.0|-2079.77639320225|4040.4472135954998|96.0|96.0|96.0|QROCK3|XA04TEX|1.0|1.0|0.0|0.0|8|gravel|-|SG001419|-|423|1|1|489|XA04TEX|-|1.0|1.0|0.0|0.0|0.0|QROCK3X8|-|1.0|1.0|189.465908047|32.0|-48.0|-48.0|96.0|96.0|648.0|648.0|648.0|648.0
UTNTSkyEdge_tnt04a_2031_0_terrain_1_0|2031|0|2|111|489|-2144.0|4048.0|-2096.0|4048.0|-2120.0|4047.5|96.0|96.0|96.0|QROCK3|QROCK3X8|1.0|1.0|141.465908047|32.0|8|rock|-|SG001418|-|422|1|0|489|XA04TEX|-|1.0|1.0|0.0|0.0|0.0|QROCK3X8|-|1.0|1.0|141.465908047|32.0|-48.0|-48.0|96.0|96.0|648.0|648.0|648.0|648.0
UTNTSkyEdge_tnt04a_2031_0_terrain_1_1|2031|0|2|111|489|-2144.0|4048.0|-2096.0|4048.0|-2120.0|4048.5|96.0|96.0|96.0|QROCK3|XA04TEX|1.0|1.0|0.0|0.0|8|gravel|-|SG001419|-|423|1|1|489|XA04TEX|-|1.0|1.0|0.0|0.0|0.0|QROCK3X8|-|1.0|1.0|141.465908047|32.0|-48.0|-48.0|96.0|96.0|648.0|648.0|648.0|648.0
UTNTSkyEdge_tnt04a_2032_0_terrain_1_0|2032|0|2|111|489|-2176.0|4064.0|-2144.0|4048.0|-2160.22360679775|4055.5527864045002|96.0|96.0|96.0|QROCK3|QROCK3X8|1.0|1.0|105.688820407|32.0|8|rock|-|SG001418|-|422|1|0|489|XA04TEX|-|1.0|1.0|0.0|0.0|0.0|QROCK3X8|-|1.0|1.0|105.688820407|32.0|-48.0|-48.0|96.0|96.0|648.0|648.0|648.0|648.0
UTNTSkyEdge_tnt04a_2032_0_terrain_1_1|2032|0|2|111|489|-2176.0|4064.0|-2144.0|4048.0|-2159.77639320225|4056.4472135954998|96.0|96.0|96.0|QROCK3|XA04TEX|1.0|1.0|0.0|0.0|8|gravel|-|SG001419|-|423|1|1|489|XA04TEX|-|1.0|1.0|0.0|0.0|0.0|QROCK3X8|-|1.0|1.0|105.688820407|32.0|-48.0|-48.0|96.0|96.0|648.0|648.0|648.0|648.0
UTNTSkyEdge_tnt04a_2033_0_terrain_1_0|2033|0|2|111|489|-2208.0|4016.0|-2208.0|3984.0|-2208.5|4000.0|96.0|96.0|96.0|QROCK3|QROCK3X8|1.0|1.0|377.032323375|32.0|8|rock|-|SG001418|-|422|1|0|489|XA04TEX|-|1.0|1.0|0.0|0.0|0.0|QROCK3X8|-|1.0|1.0|377.032323375|32.0|-48.0|-48.0|96.0|96.0|648.0|648.0|648.0|648.0
UTNTSkyEdge_tnt04a_2033_0_terrain_1_1|2033|0|2|111|489|-2208.0|4016.0|-2208.0|3984.0|-2207.5|4000.0|96.0|96.0|96.0|QROCK3|XA04TEX|1.0|1.0|0.0|0.0|8|gravel|-|SG001419|-|423|1|1|489|XA04TEX|-|1.0|1.0|0.0|0.0|0.0|QROCK3X8|-|1.0|1.0|377.032323375|32.0|-48.0|-48.0|96.0|96.0|648.0|648.0|648.0|648.0
UTNTSkyEdge_tnt04a_2034_0_terrain_1_0|2034|0|2|111|489|-2224.0|4064.0|-2176.0|4064.0|-2200.0|4063.5|96.0|96.0|96.0|QROCK3|QROCK3X8|1.0|1.0|57.688820407|32.0|8|rock|-|SG001418|-|422|1|0|489|XA04TEX|-|1.0|1.0|0.0|0.0|0.0|QROCK3X8|-|1.0|1.0|57.688820407|32.0|-48.0|-48.0|96.0|96.0|648.0|648.0|648.0|648.0
UTNTSkyEdge_tnt04a_2034_0_terrain_1_1|2034|0|2|111|489|-2224.0|4064.0|-2176.0|4064.0|-2200.0|4064.5|96.0|96.0|96.0|QROCK3|XA04TEX|1.0|1.0|0.0|0.0|8|gravel|-|SG001419|-|423|1|1|489|XA04TEX|-|1.0|1.0|0.0|0.0|0.0|QROCK3X8|-|1.0|1.0|57.688820407|32.0|-48.0|-48.0|96.0|96.0|648.0|648.0|648.0|648.0
UTNTSkyEdge_tnt04a_2035_0_terrain_1_0|2035|0|2|111|489|-2272.0|4096.0|-2224.0|4064.0|-2248.2773500981125|4079.583974852831|96.0|96.0|96.0|QROCK3|QROCK3X8|1.0|1.0|0.0|32.0|8|rock|-|SG001418|-|422|1|0|489|XA04TEX|-|1.0|1.0|0.0|0.0|0.0|QROCK3X8|-|1.0|1.0|0.0|32.0|-48.0|-48.0|96.0|96.0|648.0|648.0|648.0|648.0
UTNTSkyEdge_tnt04a_2035_0_terrain_1_1|2035|0|2|111|489|-2272.0|4096.0|-2224.0|4064.0|-2247.7226499018875|4080.416025147169|96.0|96.0|96.0|QROCK3|XA04TEX|1.0|1.0|0.0|0.0|8|gravel|-|SG001419|-|423|1|1|489|XA04TEX|-|1.0|1.0|0.0|0.0|0.0|QROCK3X8|-|1.0|1.0|0.0|32.0|-48.0|-48.0|96.0|96.0|648.0|648.0|648.0|648.0
UTNTSkyEdge_tnt04a_2043_0_terrain_1_0|2043|0|2|111|489|-2176.0|3904.0|-2224.0|3872.0|-2200.2773500981125|3888.416025147169|96.0|96.0|96.0|QROCK3|QROCK3X8|1.0|1.0|502.287157371|32.0|8|rock|-|SG001418|-|422|1|0|489|XA04TEX|-|1.0|1.0|0.0|0.0|0.0|QROCK3X8|-|1.0|1.0|502.287157371|32.0|-48.0|-48.0|96.0|96.0|648.0|648.0|648.0|648.0
UTNTSkyEdge_tnt04a_2043_0_terrain_1_1|2043|0|2|111|489|-2176.0|3904.0|-2224.0|3872.0|-2199.7226499018875|3887.583974852831|96.0|96.0|96.0|QROCK3|XA04TEX|1.0|1.0|0.0|0.0|8|gravel|-|SG001419|-|423|1|1|489|XA04TEX|-|1.0|1.0|0.0|0.0|0.0|QROCK3X8|-|1.0|1.0|502.287157371|32.0|-48.0|-48.0|96.0|96.0|648.0|648.0|648.0|648.0
UTNTSkyEdge_tnt04a_2096_1_terrain_2_1|2096|1|2|1|1|3872.0|2528.0|-4448.0|2528.0|-288.0|2528.5|-384.0|-384.0|-384.0|QROCK3|XA04TEX|1.0|1.0|0.0|0.0|14|gravel|-|SG001422|-|414|2|1|1|XA04TEX|-|1.0|1.0|0.0|0.0|0.0|QROCK3X8|-|1.0|1.0|882.142363272|645.0|-384.0|-384.0|-133.0|-133.0|648.0|648.0|648.0|648.0
UTNTSkyEdge_tnt04a_2129_1_terrain_2_1|2129|1|2|98|98|3872.0|7808.0|3872.0|7540.148|3871.5|7674.0740000000005|-384.0|-384.0|-384.0|QROCK3X8|XA04TEX|1.0|1.0|0.0|0.0|14|gravel|-|SG001423|-|407|2|1|98|XA04TEX|-|1.0|1.0|0.0|0.0|0.0|QROCK3X8|-|1.0|1.0|722.142363272|645.0|-384.0|-384.0|-133.0|-133.0|448.0|448.0|448.0|448.0
UTNTSkyEdge_tnt04a_2188_0_terrain_1_0|2188|0|2|111|489|-2064.0|4032.0|-2112.0|4016.0|-2088.1581138830084|4024.474341649025|96.0|96.0|96.0|QROCK3|QROCK3X8|1.0|1.0|225.242995687|32.0|8|rock|-|SG001418|-|422|1|0|489|XA04TEX|-|1.0|1.0|0.0|0.0|0.0|QROCK3X8|-|1.0|1.0|225.242995687|32.0|-48.0|-48.0|96.0|96.0|648.0|648.0|648.0|648.0
UTNTSkyEdge_tnt04a_2188_0_terrain_1_1|2188|0|2|111|489|-2064.0|4032.0|-2112.0|4016.0|-2087.8418861169916|4023.525658350975|96.0|96.0|96.0|QROCK3|XA04TEX|1.0|1.0|0.0|0.0|8|gravel|-|SG001419|-|423|1|1|489|XA04TEX|-|1.0|1.0|0.0|0.0|0.0|QROCK3X8|-|1.0|1.0|225.242995687|32.0|-48.0|-48.0|96.0|96.0|648.0|648.0|648.0|648.0
UTNTSkyEdge_tnt04a_2191_0_terrain_1_0|2191|0|2|111|489|-2176.0|3952.0|-2176.0|3904.0|-2176.5|3928.0|96.0|96.0|96.0|QROCK3|QROCK3X8|1.0|1.0|454.287157371|32.0|8|rock|-|SG001418|-|422|1|0|489|XA04TEX|-|1.0|1.0|0.0|0.0|0.0|QROCK3X8|-|1.0|1.0|454.287157371|32.0|-48.0|-48.0|96.0|96.0|648.0|648.0|648.0|648.0
UTNTSkyEdge_tnt04a_2191_0_terrain_1_1|2191|0|2|111|489|-2176.0|3952.0|-2176.0|3904.0|-2175.5|3928.0|96.0|96.0|96.0|QROCK3|XA04TEX|1.0|1.0|0.0|0.0|8|gravel|-|SG001419|-|423|1|1|489|XA04TEX|-|1.0|1.0|0.0|0.0|0.0|QROCK3X8|-|1.0|1.0|454.287157371|32.0|-48.0|-48.0|96.0|96.0|648.0|648.0|648.0|648.0
